0.600467 0.601158 0.601237 0.605912 0.606128 0.596253 0.596481 0.602665 0.600358 0.604131 0.602776 0.599407 0.606474 0.602148 0.60454 0.597555 0.611309 0.602927 0.608159 0.60385 0.602239 0.602493 0.603449 0.608983 0.603041 0.603498 0.602605 0.603949 0.598227 0.60109 0.599647 
0.455417 0.45402 0.452783 0.461166 0.463305 0.454236 0.453134 0.457905 0.460921 0.462751 0.466586 0.454967 0.451717 0.458851 0.468335 0.455289 0.460513 0.455599 0.460189 0.457351 0.454203 0.453583 0.453463 0.457103 0.45245 0.463626 0.454226 0.455287 0.457814 0.457283 0.455619 
0.514571 0.510046 0.508831 0.510177 0.513708 0.510423 0.507856 0.50638 0.509331 0.509338 0.508339 0.509793 0.51105 0.505754 0.509687 0.514599 0.509045 0.513104 0.507806 0.510934 0.50581 0.500709 0.506593 0.503932 0.502456 0.512166 0.506101 0.50724 0.511886 0.508622 0.511074 
0.588463 0.586361 0.587757 0.591587 0.59344 0.585627 0.584796 0.587907 0.582281 0.587252 0.586605 0.585454 0.595864 0.58961 0.590977 0.587575 0.600383 0.593194 0.595692 0.593744 0.587119 0.592984 0.589691 0.593314 0.591324 0.591424 0.589455 0.590993 0.581944 0.584791 0.58545 
0.461761 0.455129 0.456449 0.467209 0.469122 0.460746 0.45847 0.461399 0.462824 0.464983 0.469898 0.458495 0.4647 0.461358 0.470901 0.462201 0.469835 0.468892 0.474063 0.468396 0.459426 0.469061 0.464267 0.470944 0.45865 0.469083 0.457054 0.461441 0.458348 0.458837 0.461874 
0.518665 0.512296 0.510146 0.51415 0.513569 0.515407 0.509239 0.507772 0.508223 0.508291 0.50989 0.513374 0.513619 0.507444 0.510632 0.51831 0.508593 0.5132 0.507952 0.509743 0.50655 0.504527 0.508625 0.506595 0.501857 0.51112 0.509058 0.50804 0.517055 0.510854 0.510793 
0.577212 0.574127 0.57606 0.578326 0.583573 0.57954 0.576025 0.578518 0.573414 0.577315 0.574861 0.574955 0.582238 0.579662 0.581616 0.581177 0.582541 0.582851 0.581308 0.581305 0.576977 0.579473 0.577215 0.577813 0.579864 0.580104 0.577258 0.579353 0.569586 0.571943 0.576173 
0.481594 0.475242 0.479306 0.483391 0.48645 0.481059 0.480194 0.480207 0.476734 0.480637 0.485286 0.478261 0.490722 0.479721 0.485214 0.485042 0.496265 0.494153 0.497727 0.493091 0.478351 0.494206 0.491449 0.494863 0.4811 0.48923 0.478789 0.483866 0.474314 0.476738 0.484407 
0.516867 0.51115 0.509168 0.514175 0.507783 0.515036 0.509032 0.508937 0.508221 0.507209 0.509693 0.511135 0.511768 0.506368 0.508258 0.513068 0.502984 0.509121 0.50646 0.507129 0.505644 0.50989 0.511123 0.510136 0.502014 0.507325 0.507842 0.505747 0.519647 0.510246 0.509563 
0.565442 0.560763 0.561718 0.567803 0.571129 0.572182 0.565818 0.565205 0.562826 0.562705 0.561994 0.562006 0.561657 0.566831 0.5681 0.571199 0.561946 0.56452 0.559078 0.561803 0.56379 0.56119 0.559501 0.558547 0.562543 0.560728 0.563231 0.561067 0.56086 0.558845 0.562742 
0.50423 0.501254 0.503687 0.500827 0.503355 0.503343 0.50242 0.503018 0.500895 0.505192 0.50648 0.503325 0.517227 0.500887 0.502437 0.508548 0.515832 0.518255 0.52053 0.514949 0.505229 0.51714 0.516238 0.516082 0.503418 0.511879 0.501846 0.505864 0.497586 0.503371 0.506954 
0.510977 0.510064 0.509608 0.510243 0.503033 0.509754 0.508956 0.508421 0.506367 0.505546 0.510381 0.50944 0.505216 0.505589 0.506637 0.502763 0.50227 0.503456 0.507404 0.507142 0.506925 0.512031 0.51273 0.512776 0.502988 0.505998 0.507029 0.505659 0.514931 0.510032 0.509059 
0.543039 0.542367 0.540834 0.545748 0.546114 0.555783 0.544035 0.539021 0.53739 0.538372 0.54294 0.546125 0.531649 0.539328 0.544557 0.549901 0.531823 0.537239 0.53311 0.536528 0.540966 0.541312 0.536648 0.534221 0.538631 0.535842 0.538746 0.537757 0.543121 0.542358 0.542372 
0.53195 0.524829 0.526874 0.526586 0.525431 0.52763 0.524025 0.528294 0.525412 0.525888 0.523167 0.525123 0.538655 0.524444 0.524075 0.53406 0.529972 0.539379 0.535867 0.532435 0.526475 0.531603 0.533768 0.531592 0.524672 0.529502 0.525619 0.525487 0.524936 0.523662 0.52597 
0.508499 0.513948 0.514626 0.507534 0.504039 0.507077 0.513924 0.511163 0.509754 0.508458 0.51247 0.512193 0.504403 0.510919 0.507306 0.501533 0.509243 0.506333 0.51471 0.509125 0.512184 0.513452 0.514508 0.516345 0.510912 0.508045 0.512785 0.511562 0.512259 0.513393 0.512112 
0.511627 0.512893 0.512095 0.513006 0.510252 0.520316 0.51683 0.51183 0.510351 0.509057 0.515678 0.522365 0.500258 0.510806 0.509042 0.508361 0.497153 0.505375 0.504734 0.50513 0.511304 0.514067 0.506452 0.503828 0.509004 0.502022 0.509281 0.506982 0.514566 0.513364 0.509833 
0.546902 0.538139 0.537252 0.539882 0.536207 0.539964 0.531295 0.535024 0.534145 0.535259 0.532234 0.535997 0.545318 0.535261 0.537271 0.547499 0.533124 0.549111 0.541461 0.540292 0.534597 0.537788 0.540664 0.538292 0.532343 0.536079 0.533383 0.533162 0.539762 0.53416 0.535663 
0.510356 0.51829 0.518816 0.507019 0.509421 0.509041 0.517744 0.514861 0.513778 0.51276 0.513164 0.514105 0.509245 0.514188 0.511569 0.50947 0.513668 0.51385 0.520833 0.511151 0.517673 0.515659 0.514935 0.518635 0.517825 0.511539 0.517084 0.516378 0.512565 0.516449 0.516632 
0.47987 0.48077 0.479298 0.480141 0.477496 0.48224 0.485665 0.478044 0.480152 0.478359 0.482153 0.487569 0.475459 0.476571 0.473869 0.468739 0.467606 0.476405 0.479687 0.47273 0.477864 0.482697 0.478698 0.477483 0.480136 0.473683 0.479259 0.478321 0.482449 0.480568 0.476215 
0.546861 0.538431 0.537437 0.541114 0.535213 0.542022 0.534971 0.533272 0.535438 0.536032 0.534445 0.537871 0.54469 0.535659 0.538877 0.544471 0.531465 0.54676 0.537709 0.536855 0.53414 0.536473 0.540981 0.53746 0.53128 0.534496 0.533953 0.533204 0.542748 0.536059 0.536243 
0.51244 0.519948 0.520448 0.508755 0.511192 0.511144 0.517474 0.517328 0.517382 0.516378 0.511769 0.514295 0.512303 0.515567 0.512689 0.514636 0.515494 0.511881 0.514828 0.511308 0.521298 0.512768 0.515079 0.5177 0.521419 0.515921 0.520355 0.519859 0.514449 0.519793 0.520847 
0.45483 0.456954 0.45508 0.453355 0.453191 0.452666 0.457872 0.453077 0.456867 0.452966 0.453486 0.459857 0.45638 0.45215 0.451355 0.445893 0.447232 0.453119 0.457167 0.448787 0.455141 0.456263 0.457639 0.459139 0.457417 0.457932 0.454698 0.455104 0.456955 0.454445 0.4536 
0.54069 0.533747 0.532031 0.53691 0.530198 0.537718 0.532231 0.528943 0.530989 0.53051 0.527964 0.533702 0.538745 0.530921 0.53224 0.536128 0.525572 0.537409 0.528284 0.530543 0.528615 0.528974 0.534551 0.531247 0.525649 0.530559 0.529526 0.528731 0.539499 0.531281 0.531051 
0.513722 0.520534 0.521548 0.510528 0.510808 0.510431 0.516611 0.517388 0.517787 0.517199 0.508486 0.514343 0.51252 0.515262 0.506246 0.516504 0.516046 0.507408 0.503328 0.511296 0.52184 0.50639 0.507808 0.506927 0.520308 0.514174 0.520747 0.519384 0.516269 0.521438 0.522472 
0.434879 0.436489 0.435735 0.431627 0.432079 0.430634 0.434514 0.431952 0.436788 0.432631 0.428414 0.435115 0.438401 0.431697 0.432763 0.428114 0.432463 0.432005 0.433047 0.430749 0.435838 0.434846 0.435818 0.436665 0.436483 0.44277 0.434349 0.434265 0.436244 0.433125 0.435603 
0.530206 0.524608 0.52265 0.527185 0.521916 0.528081 0.524121 0.520923 0.522845 0.520864 0.51804 0.525959 0.528496 0.51974 0.522792 0.522834 0.516697 0.526 0.516875 0.522101 0.518306 0.520335 0.522801 0.519429 0.51594 0.5229 0.521311 0.519907 0.530705 0.521345 0.522045 
0.515538 0.52197 0.523134 0.511434 0.511869 0.509107 0.517215 0.517401 0.517863 0.517727 0.508994 0.515366 0.513498 0.51229 0.498434 0.518411 0.517032 0.508191 0.497907 0.512584 0.521854 0.500051 0.502802 0.496736 0.516393 0.504791 0.51932 0.517179 0.518108 0.522887 0.522871 
0.416164 0.416874 0.416945 0.412882 0.411451 0.408519 0.412491 0.412865 0.416067 0.413499 0.409411 0.413049 0.420314 0.410387 0.410401 0.412361 0.416403 0.41332 0.411611 0.412917 0.41576 0.412956 0.413537 0.412464 0.414653 0.41881 0.414009 0.413402 0.414721 0.413079 0.416238 
0.516051 0.512702 0.51123 0.512004 0.511677 0.515022 0.512415 0.509696 0.511889 0.509249 0.5088 0.515473 0.51481 0.507174 0.51052 0.508135 0.506316 0.512672 0.505063 0.511522 0.506976 0.509407 0.51111 0.506688 0.504004 0.509641 0.510207 0.50932 0.516635 0.509064 0.510576 
0.51537 0.521658 0.522207 0.511187 0.512428 0.507921 0.515521 0.517201 0.515483 0.516794 0.513767 0.513144 0.512644 0.511444 0.494103 0.519046 0.517921 0.510492 0.501949 0.513172 0.521279 0.494595 0.508545 0.498283 0.513954 0.499526 0.515826 0.514702 0.517673 0.522287 0.52149 
0.399763 0.40107 0.401546 0.395603 0.395157 0.39076 0.39402 0.397233 0.398436 0.396927 0.394693 0.393862 0.403578 0.394076 0.393559 0.401019 0.403699 0.398357 0.398864 0.399052 0.3989 0.394709 0.401333 0.399802 0.396704 0.400003 0.396731 0.396265 0.395296 0.395821 0.39861 
0.500126 0.497649 0.496604 0.49684 0.49896 0.49953 0.497113 0.496748 0.498507 0.495459 0.49852 0.500438 0.499823 0.493394 0.498426 0.49202 0.493655 0.49759 0.494776 0.498396 0.493543 0.494258 0.500745 0.498217 0.489957 0.498704 0.495085 0.494284 0.501264 0.49512 0.497218 
0.516234 0.521122 0.521753 0.51372 0.513106 0.510508 0.51489 0.51867 0.515376 0.516222 0.517045 0.512252 0.514317 0.514463 0.503387 0.51988 0.518714 0.513273 0.516331 0.514917 0.521132 0.502708 0.517129 0.512522 0.51552 0.508757 0.516199 0.514546 0.518082 0.521716 0.521278 
0.387194 0.387899 0.38927 0.384243 0.383899 0.378816 0.379522 0.385756 0.385784 0.384966 0.38376 0.380331 0.390651 0.384862 0.386572 0.393383 0.394076 0.387149 0.390364 0.38885 0.386455 0.384529 0.39218 0.391224 0.384598 0.391635 0.385191 0.384619 0.38207 0.384405 0.385869 
0.482493 0.478558 0.478728 0.481007 0.484015 0.483495 0.480323 0.480774 0.482861 0.479132 0.482518 0.482738 0.482498 0.477564 0.490029 0.474944 0.47805 0.480914 0.481637 0.482742 0.476249 0.477995 0.48901 0.486006 0.474655 0.491714 0.478407 0.477897 0.482863 0.477247 0.480022 
0.516876 0.519212 0.519334 0.515927 0.514056 0.513796 0.516007 0.517613 0.515087 0.514821 0.515756 0.513685 0.516694 0.516832 0.514158 0.518546 0.516483 0.515913 0.522138 0.515556 0.517069 0.51926 0.519698 0.521548 0.51478 0.514579 0.515876 0.515627 0.516442 0.51773 0.518585 
0.37832 0.380933 0.381052 0.377689 0.376994 0.370615 0.371648 0.379663 0.378581 0.378366 0.377985 0.372795 0.38149 0.38011 0.377101 0.387901 0.387594 0.380265 0.384006 0.38177 0.379684 0.377388 0.381972 0.382796 0.377574 0.378104 0.376852 0.378625 0.373746 0.378301 0.377619 
0.465415 0.462734 0.46268 0.466598 0.469034 0.468718 0.462642 0.462448 0.46569 0.46157 0.466088 0.466287 0.465611 0.461431 0.474023 0.459559 0.46246 0.464764 0.463468 0.464027 0.46077 0.461714 0.470104 0.468736 0.459316 0.474379 0.460229 0.460619 0.465357 0.461414 0.463397 
0.515639 0.515789 0.51564 0.514198 0.513961 0.513802 0.514576 0.515934 0.513478 0.512424 0.514895 0.514301 0.516463 0.515805 0.521494 0.514994 0.513661 0.515616 0.521524 0.515028 0.511486 0.52264 0.520988 0.523272 0.512135 0.521276 0.515252 0.515126 0.513375 0.5125 0.515048 
0.615085 0.618154 0.618003 0.619833 0.622774 0.610578 0.611911 0.6203 0.619534 0.621486 0.621237 0.614684 0.618774 0.616744 0.62005 0.613059 0.624175 0.617133 0.621641 0.617794 0.617654 0.614221 0.620517 0.623708 0.616743 0.618716 0.616558 0.618947 0.618852 0.619984 0.617851 
0.462268 0.462627 0.461074 0.465334 0.468652 0.458891 0.459665 0.463169 0.464019 0.464023 0.470416 0.460102 0.456244 0.463449 0.473751 0.459047 0.462036 0.4553 0.457142 0.46104 0.459432 0.455129 0.455609 0.4566 0.460362 0.468934 0.460296 0.461039 0.466714 0.464331 0.462598 
0.505961 0.506144 0.505293 0.503141 0.50722 0.50473 0.504619 0.503334 0.505531 0.506636 0.503127 0.503619 0.505669 0.5034 0.50423 0.506689 0.504734 0.508508 0.505193 0.506213 0.50322 0.496969 0.503356 0.500879 0.501733 0.507397 0.503051 0.503004 0.506652 0.50587 0.507841 
0.604927 0.607375 0.606059 0.607018 0.607644 0.600841 0.600809 0.602878 0.604855 0.607797 0.6063 0.602376 0.608579 0.607564 0.609085 0.60712 0.612689 0.606374 0.608606 0.608128 0.606321 0.605323 0.602552 0.607173 0.607448 0.609774 0.606714 0.609795 0.604743 0.606345 0.603876 
0.474015 0.474888 0.473963 0.476556 0.478026 0.472416 0.473851 0.476797 0.473824 0.474713 0.479494 0.476036 0.473302 0.475326 0.480579 0.47276 0.479666 0.473504 0.474411 0.474604 0.474383 0.470202 0.47332 0.473728 0.472217 0.477935 0.473782 0.473661 0.474417 0.47527 0.476784 
0.506852 0.504628 0.504216 0.504832 0.506338 0.505559 0.504342 0.50513 0.505829 0.50569 0.504985 0.503404 0.506433 0.502778 0.503752 0.506656 0.502619 0.507466 0.502885 0.503747 0.502614 0.499615 0.504393 0.502396 0.501306 0.504879 0.503661 0.503473 0.508026 0.5056 0.505584 
0.587994 0.588658 0.589201 0.589506 0.594118 0.589187 0.588645 0.589733 0.591638 0.592348 0.59196 0.586932 0.592413 0.593253 0.592572 0.594344 0.596648 0.593959 0.592048 0.595956 0.588922 0.590236 0.588406 0.589907 0.594044 0.596703 0.591265 0.594212 0.586756 0.589211 0.589732 
0.488942 0.488766 0.490868 0.488894 0.491509 0.48967 0.490026 0.492635 0.488976 0.489408 0.487352 0.489651 0.493062 0.488516 0.490408 0.489861 0.495814 0.491825 0.493957 0.492196 0.490455 0.491971 0.495272 0.494492 0.489807 0.488143 0.488452 0.489756 0.484488 0.486847 0.490999 
0.502446 0.500397 0.500551 0.502033 0.498351 0.500384 0.50043 0.502019 0.49912 0.499406 0.500721 0.500832 0.500548 0.49977 0.499741 0.500964 0.498299 0.498829 0.49761 0.498769 0.498807 0.501101 0.501306 0.500918 0.49686 0.499112 0.500033 0.498779 0.502873 0.49995 0.500345 
0.568578 0.567314 0.567302 0.569215 0.571915 0.576135 0.57396 0.567579 0.572717 0.576065 0.57163 0.569787 0.568846 0.577102 0.560568 0.57223 0.572142 0.572521 0.576475 0.577184 0.569756 0.570563 0.571467 0.571485 0.572919 0.575138 0.57228 0.575371 0.566548 0.568155 0.568105 
0.511319 0.509041 0.512675 0.510245 0.5112 0.510552 0.511655 0.51418 0.50713 0.507142 0.505634 0.508457 0.517819 0.507982 0.513318 0.516563 0.517707 0.516535 0.511056 0.514242 0.513932 0.516474 0.517286 0.51544 0.509292 0.50668 0.508935 0.507022 0.505424 0.507425 0.513923 
0.496688 0.500888 0.500849 0.49744 0.493523 0.495839 0.499151 0.500062 0.499207 0.496923 0.499753 0.49982 0.493562 0.497491 0.495378 0.494225 0.495983 0.49233 0.491709 0.495355 0.500081 0.501238 0.498399 0.499702 0.496826 0.496254 0.498767 0.497822 0.499211 0.500248 0.499427 
0.545836 0.542918 0.54193 0.546598 0.549348 0.557076 0.552048 0.547571 0.551221 0.550084 0.546346 0.551358 0.541316 0.551698 0.551293 0.548337 0.560229 0.547496 0.547527 0.54578 0.546575 0.548749 0.545421 0.547246 0.547451 0.54926 0.549006 0.547373 0.545968 0.54328 0.541828 
0.526075 0.52555 0.527839 0.524125 0.521125 0.523062 0.522322 0.525932 0.520599 0.520699 0.520044 0.521176 0.531086 0.520575 0.517517 0.532314 0.523172 0.531581 0.528949 0.528179 0.527699 0.530516 0.529967 0.526905 0.526207 0.521174 0.522251 0.522344 0.521556 0.524647 0.527765 
0.492521 0.496494 0.497381 0.494025 0.493074 0.492891 0.498346 0.497306 0.495038 0.495317 0.499033 0.492972 0.490252 0.497765 0.495013 0.490604 0.497201 0.49167 0.499575 0.49648 0.49848 0.498966 0.498374 0.499707 0.498031 0.496806 0.497803 0.497005 0.494692 0.496547 0.496577 
0.51861 0.514806 0.51461 0.520347 0.520203 0.529628 0.523719 0.514755 0.518125 0.517204 0.521814 0.524854 0.510273 0.516738 0.520816 0.51595 0.518638 0.51466 0.519978 0.514529 0.51411 0.522925 0.516762 0.515807 0.517378 0.517281 0.516672 0.517175 0.521608 0.517303 0.515033 
0.536312 0.535019 0.535552 0.531325 0.529343 0.531511 0.529282 0.533803 0.53152 0.531436 0.528022 0.530558 0.53637 0.532842 0.529033 0.540775 0.529917 0.541641 0.536622 0.535769 0.536095 0.534974 0.536253 0.534125 0.532691 0.530668 0.532226 0.53121 0.531674 0.532794 0.533455 
0.491676 0.494311 0.494634 0.492226 0.495555 0.495254 0.497243 0.493884 0.495131 0.495656 0.496086 0.494249 0.490774 0.498792 0.50038 0.495379 0.497492 0.497244 0.503798 0.496115 0.495656 0.500369 0.496968 0.5008 0.500421 0.496831 0.497181 0.497673 0.490296 0.494549 0.491196 
0.49101 0.490934 0.489726 0.493022 0.491659 0.495906 0.496686 0.488864 0.489016 0.487782 0.49464 0.499864 0.484674 0.488024 0.487928 0.481878 0.479462 0.485888 0.487526 0.484144 0.48888 0.493779 0.487613 0.484267 0.489143 0.487146 0.488449 0.487116 0.497241 0.493183 0.489364 
0.535845 0.533766 0.533301 0.533648 0.528964 0.533793 0.531012 0.530698 0.532637 0.531776 0.532369 0.531234 0.533098 0.532321 0.53328 0.539304 0.527864 0.539306 0.533157 0.532779 0.53353 0.532543 0.534219 0.531729 0.529939 0.530262 0.531434 0.530281 0.533471 0.533561 0.533654 
0.495976 0.49747 0.497765 0.49584 0.498327 0.500754 0.499298 0.4973 0.498531 0.499798 0.498261 0.499572 0.49442 0.501296 0.503689 0.499978 0.497544 0.499359 0.503045 0.499083 0.499735 0.504078 0.497997 0.500824 0.50314 0.499578 0.50016 0.500473 0.494763 0.499012 0.496105 
0.465242 0.467023 0.465817 0.466157 0.464695 0.465855 0.468766 0.462471 0.463189 0.461301 0.466933 0.47012 0.463174 0.461373 0.462826 0.457033 0.457308 0.461173 0.461698 0.458205 0.46518 0.46789 0.463321 0.463775 0.465169 0.46426 0.464462 0.463751 0.471669 0.468437 0.467056 
0.52929 0.529369 0.528366 0.53043 0.523602 0.528556 0.528926 0.525474 0.527639 0.526321 0.529611 0.528259 0.525809 0.525947 0.528164 0.528652 0.521565 0.52951 0.524383 0.525766 0.527251 0.527585 0.526984 0.524316 0.524498 0.52443 0.527156 0.525597 0.530951 0.530459 0.528997 
0.492706 0.49295 0.493805 0.494135 0.49532 0.496978 0.496914 0.496464 0.496636 0.497836 0.495814 0.495989 0.492735 0.497099 0.497185 0.493291 0.492703 0.49401 0.491953 0.495375 0.496284 0.498541 0.490937 0.491147 0.499377 0.494344 0.497412 0.496968 0.492876 0.495947 0.494117 
0.444292 0.445989 0.44546 0.443037 0.442233 0.443124 0.445287 0.442942 0.442464 0.441831 0.442506 0.443395 0.443894 0.441256 0.443274 0.439749 0.440796 0.442107 0.443136 0.440168 0.445128 0.448219 0.444054 0.447534 0.444855 0.445331 0.444594 0.444422 0.449232 0.447356 0.447575 
0.518582 0.521036 0.519876 0.520208 0.515638 0.517521 0.521585 0.516838 0.518806 0.517378 0.518678 0.518898 0.514118 0.51628 0.516656 0.514798 0.514573 0.515674 0.514853 0.516285 0.517503 0.519429 0.515984 0.515174 0.517054 0.513802 0.51926 0.517837 0.521783 0.520865 0.517816 
0.48777 0.488506 0.488637 0.49115 0.490279 0.490142 0.492713 0.490741 0.493731 0.494132 0.489902 0.490427 0.489277 0.490596 0.487263 0.485862 0.489244 0.488289 0.48294 0.489998 0.489961 0.48823 0.483311 0.48219 0.493145 0.487363 0.492385 0.492401 0.489649 0.488216 0.486619 
0.428519 0.427715 0.427078 0.42646 0.425623 0.425806 0.427492 0.424627 0.426616 0.426814 0.423298 0.424828 0.428767 0.424221 0.426473 0.423819 0.424197 0.427429 0.425457 0.425803 0.42508 0.431275 0.426766 0.428149 0.428011 0.42848 0.427508 0.427633 0.429323 0.426898 0.426835 
0.504036 0.508599 0.508397 0.504361 0.505001 0.504437 0.50944 0.506704 0.506532 0.506149 0.502428 0.508383 0.499064 0.505698 0.502761 0.503989 0.506952 0.501004 0.501159 0.504666 0.506708 0.505876 0.502628 0.501869 0.506209 0.499138 0.508374 0.507197 0.506236 0.506277 0.508085 
0.488043 0.490867 0.491455 0.49037 0.488966 0.488145 0.490584 0.495779 0.490807 0.49158 0.488622 0.491856 0.488098 0.490422 0.483316 0.490741 0.492041 0.487934 0.480539 0.488782 0.494754 0.481423 0.482641 0.479751 0.489758 0.484701 0.490664 0.489545 0.491295 0.490461 0.49507 
0.412003 0.41098 0.410608 0.409666 0.407656 0.408211 0.40773 0.409832 0.40785 0.40941 0.403963 0.406373 0.411567 0.407941 0.405287 0.412101 0.410392 0.410431 0.404737 0.40824 0.408713 0.403558 0.405795 0.403585 0.409034 0.405402 0.409267 0.409551 0.410053 0.406378 0.409398 
0.488992 0.494424 0.495279 0.489065 0.493022 0.489682 0.496345 0.494808 0.494526 0.494443 0.493385 0.495577 0.485956 0.494306 0.489961 0.488139 0.495652 0.48719 0.490622 0.492864 0.495939 0.494174 0.491223 0.49131 0.49467 0.488781 0.496228 0.495046 0.490063 0.495375 0.496654 
0.490086 0.48943 0.488862 0.491142 0.489376 0.489003 0.488985 0.490518 0.488836 0.489687 0.490598 0.489028 0.489593 0.487869 0.483638 0.490342 0.488751 0.491125 0.48612 0.488691 0.492065 0.484915 0.48598 0.484536 0.488576 0.48707 0.488193 0.487081 0.491244 0.494134 0.491589 
0.397462 0.395964 0.397597 0.393739 0.391524 0.391206 0.388096 0.394237 0.390889 0.393588 0.391256 0.387179 0.396394 0.393121 0.388054 0.401117 0.397783 0.394662 0.389461 0.39181 0.394361 0.383905 0.389043 0.386088 0.392413 0.387777 0.392048 0.393875 0.391895 0.39308 0.393186 
0.474998 0.481644 0.483841 0.475103 0.479813 0.476793 0.48193 0.482996 0.482118 0.481636 0.48352 0.481084 0.47191 0.48153 0.479857 0.473679 0.482479 0.471016 0.476641 0.479733 0.484093 0.475 0.475523 0.475207 0.481687 0.479917 0.481088 0.481387 0.474939 0.48098 0.483247 
0.492979 0.4928 0.492028 0.4934 0.492093 0.49224 0.492007 0.492981 0.492195 0.492598 0.493211 0.489639 0.494342 0.491714 0.494209 0.492429 0.493972 0.495481 0.499871 0.493774 0.492139 0.500049 0.497059 0.500145 0.490783 0.496775 0.491857 0.490323 0.492643 0.490984 0.492357 
0.383526 0.385966 0.386663 0.382181 0.384773 0.377265 0.37635 0.383654 0.382506 0.383263 0.378953 0.377092 0.383705 0.384948 0.378405 0.393596 0.391021 0.386632 0.384941 0.384184 0.383443 0.377601 0.382546 0.381305 0.380198 0.376454 0.380731 0.380942 0.380869 0.38556 0.380175 
0.447842 0.449104 0.449949 0.452521 0.457526 0.455025 0.454749 0.455633 0.45461 0.455356 0.458193 0.454812 0.448386 0.455307 0.460124 0.448385 0.454008 0.448381 0.448634 0.453448 0.45236 0.450259 0.451526 0.450798 0.455622 0.462987 0.455348 0.45567 0.449961 0.454863 0.455449 
0.509728 0.505922 0.502856 0.507133 0.508124 0.507101 0.502994 0.504667 0.498955 0.501175 0.50788 0.505625 0.51049 0.504053 0.517018 0.507201 0.50278 0.509537 0.510292 0.509845 0.500236 0.50966 0.512437 0.512436 0.501829 0.516272 0.503615 0.50762 0.504342 0.495892 0.506819 
0.625126 0.632013 0.629411 0.62791 0.629531 0.61531 0.621644 0.634297 0.63313 0.634205 0.634683 0.624594 0.627182 0.629308 0.628429 0.627189 0.636778 0.620567 0.626984 0.626306 0.628778 0.621187 0.625941 0.627624 0.630102 0.63021 0.627781 0.630831 0.629817 0.633966 0.628267 
0.467178 0.474075 0.472062 0.469091 0.473038 0.464064 0.467619 0.471184 0.472908 0.472346 0.473908 0.468843 0.461735 0.473035 0.476591 0.461722 0.468621 0.455624 0.457894 0.465985 0.470049 0.458659 0.460912 0.461 0.471923 0.473345 0.473411 0.473282 0.472398 0.47409 0.469654 
0.491755 0.49281 0.493836 0.491087 0.497636 0.494921 0.49316 0.492502 0.493935 0.495384 0.49265 0.492626 0.496476 0.49332 0.494745 0.492774 0.495383 0.498351 0.494779 0.49608 0.494381 0.489347 0.495548 0.494307 0.494322 0.496664 0.493517 0.493626 0.493025 0.493713 0.49684 
0.61738 0.622109 0.623199 0.618218 0.621034 0.608145 0.613613 0.623451 0.625558 0.6249 0.622149 0.615558 0.61985 0.622582 0.621723 0.62134 0.627727 0.614116 0.615718 0.621838 0.620669 0.614382 0.61641 0.616108 0.622781 0.625479 0.622552 0.625228 0.617936 0.620519 0.621112 
0.477028 0.485376 0.484154 0.479258 0.480967 0.477208 0.479818 0.483211 0.484687 0.484067 0.482235 0.48163 0.474091 0.485297 0.483344 0.474612 0.479477 0.468459 0.469986 0.476699 0.480499 0.469826 0.473881 0.473774 0.484298 0.48131 0.4864 0.485492 0.481166 0.483653 0.479458 
0.488744 0.490065 0.490703 0.488505 0.493764 0.492167 0.490241 0.494175 0.490497 0.491996 0.493014 0.491884 0.494391 0.491466 0.492601 0.491083 0.494744 0.492719 0.490884 0.491871 0.493087 0.490624 0.494183 0.493924 0.493918 0.492306 0.491424 0.491618 0.49156 0.4917 0.493411 
0.597464 0.603111 0.605579 0.598584 0.603878 0.595624 0.598709 0.60427 0.6057 0.603544 0.601613 0.598996 0.601364 0.604691 0.603977 0.604005 0.610298 0.599252 0.59985 0.6055 0.601862 0.599693 0.600157 0.59921 0.605924 0.606726 0.603633 0.605945 0.59414 0.599103 0.603182 
0.485975 0.493737 0.49495 0.486512 0.487571 0.4901 0.493663 0.495672 0.493884 0.494311 0.487194 0.491617 0.48726 0.495393 0.48825 0.48621 0.491781 0.484618 0.484472 0.488799 0.492164 0.485591 0.488178 0.488839 0.498334 0.486648 0.495513 0.494951 0.487103 0.48973 0.488948 
0.488845 0.487534 0.487317 0.489009 0.48823 0.485762 0.485326 0.491208 0.48744 0.487369 0.489266 0.487103 0.49016 0.487713 0.490984 0.491142 0.489327 0.487549 0.48516 0.48888 0.488646 0.490798 0.489999 0.489453 0.487044 0.487483 0.486439 0.486067 0.490322 0.489383 0.489008 
0.578722 0.579614 0.579571 0.579111 0.583707 0.58038 0.581791 0.579625 0.582573 0.579571 0.578629 0.580325 0.580456 0.583093 0.581869 0.585128 0.583758 0.579384 0.580564 0.584782 0.583706 0.580198 0.581718 0.578874 0.579771 0.584076 0.580084 0.578054 0.573735 0.577635 0.580817 
0.502597 0.509113 0.512095 0.500314 0.501486 0.50553 0.510823 0.511597 0.510691 0.510149 0.498538 0.506827 0.506719 0.510431 0.498938 0.503716 0.51211 0.505008 0.50493 0.508576 0.51047 0.506244 0.508946 0.509355 0.512802 0.498486 0.510585 0.511131 0.500467 0.504456 0.506348 
0.482072 0.484218 0.485349 0.485359 0.482986 0.478185 0.481506 0.486924 0.483285 0.482913 0.486662 0.482881 0.482885 0.484914 0.487399 0.485692 0.487927 0.482007 0.482944 0.486295 0.486057 0.489899 0.485339 0.485638 0.485167 0.485412 0.483808 0.483663 0.482056 0.484266 0.485288 
0.551513 0.547412 0.547529 0.554827 0.554769 0.5559 0.55722 0.546744 0.554771 0.550174 0.554075 0.552793 0.550687 0.552682 0.554945 0.549742 0.535014 0.553801 0.551044 0.55235 0.549975 0.555251 0.554529 0.552546 0.551676 0.556483 0.550127 0.543604 0.549997 0.549877 0.548471 
0.514426 0.519445 0.521807 0.51353 0.512618 0.514267 0.518626 0.523379 0.519274 0.518707 0.511094 0.515515 0.520002 0.520087 0.508663 0.524222 0.527437 0.519629 0.521564 0.521578 0.526259 0.523556 0.522024 0.52254 0.527883 0.512236 0.520874 0.522936 0.511153 0.516874 0.520495 
0.477027 0.47966 0.479627 0.482243 0.481694 0.475526 0.478902 0.481531 0.479569 0.479604 0.484659 0.475864 0.47637 0.483283 0.482508 0.477159 0.485689 0.476571 0.485035 0.483037 0.481572 0.48586 0.480249 0.48164 0.482554 0.484617 0.481585 0.481474 0.474566 0.478988 0.478432 
0.524699 0.52072 0.519695 0.527097 0.524683 0.532778 0.530777 0.519424 0.526943 0.523898 0.526963 0.53051 0.519678 0.523881 0.530341 0.518341 0.509326 0.524325 0.522534 0.51997 0.523306 0.52948 0.526288 0.524741 0.522656 0.525669 0.522373 0.519817 0.526949 0.524614 0.52378 
0.52443 0.526579 0.528519 0.521195 0.521898 0.522866 0.524674 0.528333 0.52645 0.527115 0.521373 0.521524 0.527117 0.528319 0.519154 0.531915 0.529444 0.531794 0.531081 0.530564 0.531945 0.531289 0.531018 0.530686 0.532603 0.523315 0.528719 0.529226 0.518463 0.524211 0.526144 
0.475633 0.475693 0.475358 0.479961 0.484214 0.480808 0.479926 0.477377 0.47923 0.479964 0.482066 0.476134 0.475729 0.485752 0.489533 0.483583 0.48478 0.484164 0.490775 0.483935 0.478144 0.488396 0.480802 0.485902 0.48458 0.484246 0.479662 0.481231 0.469119 0.472656 0.47108 
0.497555 0.496111 0.495865 0.500116 0.493506 0.504524 0.503397 0.494733 0.498398 0.496321 0.501623 0.505606 0.491978 0.493634 0.499633 0.487284 0.485695 0.490357 0.495811 0.490539 0.497134 0.501505 0.497254 0.497459 0.494434 0.497416 0.495785 0.494275 0.505664 0.50268 0.500701 
0.527206 0.52989 0.530486 0.526131 0.523139 0.527444 0.529318 0.529085 0.52984 0.530993 0.528571 0.526889 0.526284 0.531572 0.527689 0.531125 0.527235 0.532519 0.532524 0.531089 0.53324 0.53191 0.53173 0.531498 0.531963 0.526919 0.531746 0.531695 0.522646 0.528563 0.527726 
0.475808 0.4722 0.472316 0.479185 0.484395 0.486738 0.479157 0.476289 0.479015 0.481312 0.480486 0.479796 0.475167 0.485829 0.494562 0.48499 0.480581 0.486784 0.490483 0.484677 0.475814 0.491994 0.481028 0.486025 0.485332 0.481946 0.478423 0.479713 0.467103 0.470258 0.468504 
0.472155 0.475164 0.474942 0.472811 0.46874 0.474456 0.476448 0.472216 0.472452 0.47128 0.476733 0.480356 0.467466 0.468589 0.46955 0.464771 0.468036 0.465382 0.472544 0.465771 0.475318 0.472638 0.471142 0.474167 0.470546 0.473326 0.472286 0.471359 0.483218 0.481436 0.479514 
0.523249 0.528194 0.52819 0.526065 0.516731 0.522929 0.528822 0.526962 0.527707 0.529048 0.53122 0.527576 0.518529 0.527325 0.524601 0.522486 0.522301 0.522028 0.528053 0.523585 0.530722 0.527733 0.524141 0.526756 0.529482 0.524211 0.530021 0.529329 0.525847 0.53102 0.527737 
0.470917 0.46789 0.468403 0.477755 0.479839 0.483529 0.476853 0.474873 0.477889 0.480099 0.479537 0.479043 0.472806 0.481705 0.488136 0.474552 0.474889 0.479143 0.481606 0.480674 0.474205 0.487146 0.475216 0.478873 0.481183 0.477703 0.476078 0.476823 0.466731 0.470573 0.468615 
0.455589 0.458747 0.45862 0.452044 0.455293 0.457154 0.455171 0.455156 0.451527 0.452569 0.455126 0.460014 0.454804 0.453937 0.451846 0.453578 0.45703 0.455489 0.45526 0.452934 0.458792 0.454416 0.457797 0.4583 0.454836 0.454213 0.45504 0.45449 0.462253 0.460408 0.460761 
0.508933 0.514668 0.514868 0.5141 0.503383 0.509319 0.517474 0.515873 0.514605 0.515049 0.522132 0.5173 0.501663 0.514167 0.50962 0.508446 0.507691 0.504075 0.513184 0.50674 0.520937 0.513689 0.505813 0.509468 0.517903 0.510187 0.516779 0.514956 0.517727 0.521904 0.518112 
0.471184 0.467346 0.467316 0.478663 0.477971 0.479674 0.475874 0.475046 0.476947 0.478102 0.480682 0.47879 0.474609 0.476961 0.482635 0.471534 0.472274 0.476201 0.472831 0.476714 0.472389 0.477542 0.46983 0.471348 0.474916 0.477055 0.474001 0.474208 0.471996 0.472819 0.471005 
0.44656 0.445878 0.445704 0.439728 0.445585 0.445364 0.442085 0.442253 0.439567 0.442092 0.440468 0.446046 0.447566 0.443738 0.441343 0.446698 0.446562 0.447478 0.44339 0.445415 0.443201 0.444059 0.447036 0.445677 0.442944 0.43978 0.444376 0.444826 0.444619 0.443415 0.444221 
0.487339 0.493054 0.494613 0.493689 0.486675 0.489486 0.498397 0.493113 0.494881 0.494053 0.503291 0.495854 0.481387 0.495296 0.487815 0.48847 0.490589 0.483803 0.49408 0.488964 0.500956 0.497775 0.487313 0.490717 0.501051 0.488078 0.49573 0.494378 0.49729 0.502937 0.496847 
0.468968 0.464269 0.46315 0.474385 0.475 0.474896 0.469823 0.469101 0.471634 0.471685 0.476232 0.472887 0.471254 0.470076 0.475468 0.468085 0.468987 0.472117 0.464508 0.471171 0.467644 0.466824 0.465833 0.465478 0.467355 0.472574 0.467919 0.468459 0.472368 0.470649 0.468566 
0.427662 0.424515 0.424116 0.425246 0.425591 0.427238 0.425373 0.426524 0.422084 0.426048 0.422083 0.424772 0.427333 0.42549 0.421584 0.430905 0.423562 0.426542 0.419631 0.424989 0.422876 0.42104 0.42124 0.416806 0.424317 0.419108 0.427796 0.427204 0.429835 0.427114 0.42538 
0.468155 0.474488 0.476649 0.47315 0.475068 0.470361 0.477468 0.475203 0.475909 0.47663 0.477494 0.47435 0.464681 0.478276 0.473124 0.469382 0.480713 0.468683 0.478614 0.475254 0.480897 0.484914 0.471456 0.478793 0.48315 0.469819 0.474414 0.476102 0.470298 0.475436 0.473976 
0.472996 0.467628 0.465222 0.474099 0.475952 0.475575 0.467717 0.468226 0.470379 0.47022 0.472381 0.472848 0.474111 0.468819 0.474345 0.471079 0.470079 0.476557 0.467376 0.47326 0.466445 0.466209 0.470177 0.468349 0.46662 0.473088 0.467415 0.468313 0.473759 0.467921 0.467205 
0.406422 0.400801 0.402355 0.405151 0.403553 0.405602 0.402338 0.408727 0.397427 0.403279 0.398871 0.397036 0.405492 0.40267 0.398 0.414551 0.400345 0.406629 0.39445 0.401814 0.39832 0.391184 0.397502 0.395118 0.40105 0.391961 0.403457 0.403893 0.405871 0.410937 0.402508 
0.456145 0.462657 0.466256 0.462054 0.468408 0.462001 0.473731 0.471769 0.47155 0.473191 0.472024 0.46629 0.456094 0.474482 0.468522 0.456869 0.471187 0.459695 0.474004 0.468131 0.473358 0.480419 0.463455 0.473149 0.479525 0.468423 0.472044 0.473751 0.455302 0.470204 0.469833 
0.478071 0.475686 0.473065 0.476803 0.479778 0.478222 0.471662 0.469702 0.475036 0.473637 0.475447 0.476018 0.479163 0.471757 0.481278 0.473485 0.476847 0.482513 0.480761 0.478339 0.472489 0.483146 0.481305 0.480563 0.470697 0.480265 0.47054 0.470941 0.474835 0.468059 0.470916 
0.393203 0.393637 0.393849 0.39154 0.391734 0.389489 0.386416 0.392316 0.386631 0.39119 0.38662 0.384756 0.391945 0.391966 0.384242 0.40293 0.395171 0.395275 0.385712 0.390966 0.389871 0.380304 0.386254 0.382994 0.389508 0.380631 0.389497 0.391043 0.391552 0.393438 0.389267 
0.448594 0.455407 0.456338 0.456003 0.460816 0.458681 0.467079 0.466244 0.461898 0.466641 0.464629 0.458082 0.449817 0.467446 0.464162 0.450681 0.460802 0.447468 0.458577 0.458921 0.462367 0.460252 0.450626 0.452774 0.468672 0.463862 0.466055 0.465608 0.452027 0.463311 0.462491 
0.492819 0.48769 0.486363 0.49059 0.492646 0.491148 0.486225 0.485699 0.488416 0.48624 0.488999 0.487988 0.494545 0.48711 0.501279 0.485256 0.489039 0.494173 0.498868 0.49229 0.483768 0.498376 0.497009 0.499008 0.482584 0.498279 0.483995 0.484125 0.486789 0.48073 0.485177 
0.0131742 0.0124184 0.0123403 0.0107558 0.0116019 0.0117885 0.0126892 0.0113123 0.009929 0.00945339 0.0103921 0.0114652 0.0128984 0.0101626 0.0106946 0.0126956 0.00993752 0.013644 0.010161 0.0117873 0.0111836 0.0104126 0.0117428 0.0107742 0.0106475 0.0105557 0.0114136 0.0113018 0.0128037 0.0119283 0.0130673 
0.0150079 0.0161203 0.0149823 0.0137189 0.0133412 0.0151511 0.0145323 0.0139258 0.0124186 0.0126151 0.0137737 0.0153542 0.0128531 0.01269 0.0142402 0.0156724 0.0105327 0.0125737 0.00995857 0.0115863 0.0137253 0.00848148 0.0127865 0.0102753 0.0110096 0.012565 0.0125162 0.0122163 0.0177644 0.0154506 0.0153653 
0.0162782 0.0162895 0.0140061 0.0141353 0.0117841 0.0164908 0.0143298 0.0140234 0.0148085 0.0134983 0.0136047 0.015489 0.0118891 0.0131173 0.0115109 0.0150644 0.0100268 0.0100626 0.00825968 0.00944482 0.0145814 0.00739959 0.0114103 0.00941092 0.0117046 0.00984377 0.0135873 0.0121686 0.0211677 0.0161546 0.0133635 
0.0148224 0.0142041 0.012692 0.0134497 0.0115118 0.0159469 0.0150146 0.0120983 0.012695 0.0110954 0.0101907 0.015556 0.0120148 0.0117783 0.0105467 0.0141988 0.0103432 0.0103333 0.00816751 0.0103012 0.0121945 0.0086157 0.0101315 0.00914904 0.0107386 0.0090264 0.0119599 0.0102299 0.0179202 0.0131229 0.0116051 
0.0144335 0.0136677 0.0133129 0.0128227 0.0106531 0.0140938 0.0119813 0.0111164 0.0102119 0.00928972 0.00827656 0.0147694 0.0119402 0.00936577 0.0096151 0.0120031 0.00951673 0.0103341 0.00871474 0.00991557 0.0111873 0.0115477 0.0102308 0.00808937 0.0111712 0.00771116 0.0105012 0.00962457 0.0178262 0.0131456 0.0115069 
0.0118252 0.012664 0.0120821 0.00936768 0.00904677 0.00861302 0.0114456 0.0100876 0.00899426 0.00808733 0.00875803 0.0117341 0.0130124 0.00843314 0.00892565 0.00967069 0.00777906 0.0117688 0.0112472 0.0096273 0.00989336 0.0106862 0.0115022 0.010264 0.00831962 0.0105048 0.00917791 0.00831364 0.0126828 0.0114272 0.0111648 
0.0146929 0.013565 0.0130887 0.0112092 0.010062 0.00983431 0.0115945 0.0108111 0.0110926 0.0097206 0.00958321 0.0115399 0.0159655 0.00925026 0.00976588 0.0117033 0.00973973 0.01169 0.0114976 0.00951118 0.0114291 0.00789108 0.0126874 0.0120951 0.010279 0.0132946 0.0114052 0.0110609 0.0144482 0.0134143 0.0126536 
0.0159337 0.0142923 0.0139567 0.0131908 0.0108855 0.0115513 0.0124297 0.0116537 0.0120329 0.0101035 0.00989062 0.0125554 0.0160573 0.0105724 0.0114178 0.0131694 0.0103622 0.0111912 0.0111064 0.0106629 0.0120065 0.0097461 0.0127217 0.0124553 0.0103844 0.0145273 0.0121966 0.0114384 0.0166987 0.0144101 0.0137764 
0.0139596 0.0135802 0.0124097 0.0120759 0.0108751 0.0107204 0.0112653 0.0094114 0.00983588 0.00804328 0.00778894 0.011873 0.0131463 0.00801802 0.0108748 0.0127545 0.00814065 0.00958169 0.0083468 0.00965358 0.00918403 0.0100506 0.00966904 0.0096552 0.00819114 0.0120383 0.00958967 0.00857106 0.0154182 0.0128734 0.0117429 
0.0158577 0.0165025 0.0151537 0.0131063 0.0137683 0.012402 0.0118653 0.0117028 0.010854 0.00979202 0.00910761 0.0138509 0.0134685 0.0091795 0.0100194 0.0165802 0.0109296 0.0131514 0.00925894 0.0121221 0.0116885 0.00956546 0.0126668 0.00944385 0.00992709 0.0141606 0.010797 0.00998739 0.0154646 0.0150332 0.0136495 
0.0152292 0.0151737 0.014933 0.0133397 0.0129894 0.0133144 0.0112541 0.0124994 0.0111689 0.00993179 0.00962363 0.0127956 0.0130586 0.0108825 0.0109857 0.0165912 0.0113045 0.0139719 0.0112573 0.0116613 0.0124576 0.00937153 0.0145889 0.0115646 0.0102568 0.0103456 0.0116168 0.0100334 0.0153575 0.0153344 0.0142058 
0.0152061 0.0150655 0.0147095 0.014397 0.0131765 0.0146282 0.0126492 0.0112144 0.0120704 0.010811 0.00942864 0.0130703 0.0140144 0.0107371 0.0130474 0.0168088 0.0111198 0.0148843 0.0113524 0.0119766 0.0124469 0.0109861 0.0146563 0.0133115 0.0104094 0.010211 0.0111355 0.0101956 0.0149141 0.0144727 0.0136865 
0.0128017 0.012313 0.0116712 0.012284 0.0110726 0.0125787 0.0104833 0.00933014 0.0102715 0.00992766 0.00846592 0.0113863 0.0114662 0.00872153 0.00972719 0.013252 0.00950481 0.0123578 0.00850181 0.00957455 0.0103436 0.00957827 0.0110061 0.00947642 0.00951306 0.0101243 0.00955306 0.00849364 0.0118409 0.0116139 0.0112289 
0.010424 0.00994599 0.00967186 0.0103903 0.00933762 0.0101023 0.0102867 0.00945825 0.0100976 0.00867272 0.00812822 0.0102074 0.011837 0.00891297 0.00927129 0.0105364 0.00877173 0.0128797 0.00991126 0.0098322 0.00875817 0.00977777 0.0103062 0.0100167 0.00846345 0.00877307 0.0101891 0.010026 0.0103724 0.0101188 0.0103689 
0.0295441 0.0240322 0.0253089 0.0243153 0.0237677 0.0269388 0.0255474 0.0216327 0.0148106 0.0150703 0.0217666 0.0209476 0.0298083 0.0193229 0.0226343 0.0263592 0.0186258 0.027429 0.0216238 0.023262 0.0211176 0.0237758 0.0244002 0.0213687 0.017011 0.0210155 0.0208862 0.0193287 0.0304998 0.0264349 0.0308451 
0.0378364 0.0329859 0.0310458 0.0289025 0.0263901 0.0316589 0.030357 0.0246145 0.0228204 0.0226882 0.0293879 0.0265677 0.0295966 0.0223642 0.0265238 0.0313066 0.0207272 0.0268024 0.0220462 0.0239638 0.0297379 0.0233284 0.0289357 0.0254133 0.0205298 0.0242715 0.0251877 0.0235736 0.0422888 0.0367467 0.0368449 
0.0294162 0.0259353 0.0245488 0.025571 0.0220948 0.0287884 0.028471 0.021865 0.0217987 0.0220411 0.026265 0.0270703 0.0225831 0.021213 0.0194652 0.0237674 0.0191653 0.0222362 0.017232 0.0201789 0.024494 0.0184757 0.0263574 0.0230012 0.0192436 0.0191788 0.0230664 0.0221495 0.0363335 0.0322022 0.0283646 
0.0242216 0.0223719 0.0210456 0.0213747 0.0169791 0.0226051 0.0224564 0.0180335 0.0179262 0.0158296 0.0132908 0.0258341 0.0179461 0.0149763 0.0179861 0.0217465 0.0174816 0.017293 0.0130695 0.0155644 0.0176921 0.0158524 0.0166075 0.0139951 0.0176663 0.0132952 0.0174603 0.0160299 0.0274065 0.0213941 0.0188043 
0.0215027 0.0198881 0.0190864 0.0176032 0.0144938 0.0175458 0.0169927 0.0163954 0.0141676 0.0126761 0.0101005 0.0206726 0.0179949 0.0138784 0.0131858 0.0164486 0.0129833 0.0157745 0.0141737 0.0158064 0.0154052 0.0172268 0.0163762 0.0132208 0.0144395 0.0112248 0.0133884 0.012529 0.0252718 0.0184202 0.0156184 
0.0155934 0.0160554 0.0152617 0.0125919 0.0107089 0.0126147 0.0135438 0.0130408 0.0124014 0.0107159 0.00906602 0.0141539 0.0162456 0.0115638 0.0105038 0.0117784 0.00853332 0.0123723 0.0114452 0.0121282 0.0121718 0.0121742 0.0130056 0.0119552 0.011289 0.0103159 0.0124503 0.0117341 0.018776 0.0145984 0.0133529 
0.0168123 0.0180495 0.0169064 0.0137888 0.011617 0.0145328 0.0152786 0.0151565 0.0148725 0.0132018 0.0114295 0.0158504 0.017055 0.0134128 0.0141089 0.0133084 0.00928319 0.0131054 0.0152738 0.0143086 0.0126139 0.0142884 0.015708 0.0153894 0.0133879 0.0137624 0.0155039 0.0144335 0.0197866 0.0161504 0.0147052 
0.0167382 0.0181759 0.0171657 0.0141757 0.0119364 0.013587 0.0157571 0.0170535 0.0159939 0.0136452 0.0152788 0.0169368 0.0160813 0.0142593 0.0152322 0.0134493 0.0079389 0.0122902 0.0176464 0.0143424 0.0127849 0.0168306 0.0160996 0.0175772 0.0138089 0.0159948 0.0159512 0.0142275 0.0193415 0.017391 0.0166478 
0.0159921 0.0177691 0.016865 0.0133326 0.0114687 0.0131137 0.0161595 0.0171093 0.016608 0.0141066 0.0185052 0.0164561 0.014972 0.014859 0.0123653 0.015385 0.00853824 0.0112088 0.0164312 0.0130709 0.0132342 0.0164962 0.0151346 0.016588 0.0152327 0.0157648 0.0155777 0.0151474 0.0177753 0.02011 0.0180208 
0.0177876 0.017607 0.0166674 0.0150919 0.0128666 0.0147869 0.0146565 0.0155594 0.0156033 0.0131387 0.0180125 0.0163003 0.0161084 0.0137793 0.0109218 0.0178026 0.00930475 0.0143428 0.0146175 0.0127874 0.0128294 0.0136376 0.0140388 0.0133754 0.0152668 0.0147741 0.0146847 0.0146279 0.0168281 0.0186245 0.0156877 
0.0199916 0.0176474 0.0166488 0.0166394 0.0156434 0.0161187 0.0129065 0.0124422 0.0131999 0.0111936 0.0134865 0.0159658 0.0172927 0.0116613 0.0109514 0.0198748 0.00938337 0.0181102 0.0134061 0.01299 0.0120072 0.0101427 0.0139903 0.0115878 0.0126607 0.0134994 0.0117399 0.0112058 0.0167715 0.0158077 0.0141947 
0.0113373 0.0117881 0.0106149 0.00958639 0.00968313 0.00946633 0.00936033 0.00932647 0.00911895 0.00807957 0.00763847 0.00918169 0.0110385 0.00822759 0.00722299 0.0125122 0.00807712 0.00916355 0.0100689 0.00986881 0.00921422 0.00791142 0.0106132 0.00917217 0.00815608 0.00783915 0.00776589 0.00751048 0.0105294 0.00907605 0.0101096 
0.00981146 0.0106996 0.00875716 0.00999391 0.0078867 0.00874275 0.00975695 0.0131795 0.0105281 0.00938626 0.0117 0.0109316 0.0100544 0.00875346 0.00638767 0.00999774 0.00881967 0.0100209 0.0110367 0.00694165 0.00789142 0.00875847 0.00973117 0.00944866 0.00911555 0.00760314 0.00863522 0.0088909 0.0110978 0.00964909 0.00745465 
0.00986388 0.0100077 0.00999379 0.0104096 0.00778594 0.00990636 0.0106583 0.00891725 0.00897816 0.00701527 0.00755796 0.00813425 0.00896145 0.00842194 0.00801478 0.0100128 0.00700734 0.0106806 0.00806859 0.00733836 0.00787119 0.00823365 0.00780857 0.00732909 0.00729293 0.00775405 0.00880793 0.00803794 0.0103206 0.0101813 0.0100754 
0.01163 0.0110309 0.0108424 0.00989705 0.00899546 0.0105883 0.0119232 0.00954813 0.00931734 0.008854 0.00797192 0.00980301 0.00983295 0.00879349 0.00755005 0.00984552 0.00794951 0.00996671 0.0093713 0.00820539 0.00921228 0.00734913 0.00924388 0.00836794 0.0089392 0.00815497 0.0101744 0.00953773 0.0108032 0.0097816 0.00980456 
0.0120026 0.0121458 0.011621 0.0107579 0.0102544 0.0115058 0.0133385 0.00972015 0.0109423 0.0105729 0.0103931 0.0113462 0.0104824 0.00980476 0.00759191 0.00978227 0.00811846 0.0105948 0.0095382 0.00935103 0.0108209 0.00814797 0.0109732 0.00996462 0.00963361 0.00965918 0.011615 0.0109145 0.013244 0.0125757 0.0118624 
0.011772 0.0125738 0.0123023 0.00970179 0.00960437 0.0116038 0.0118305 0.00970943 0.0105014 0.0101935 0.0100437 0.012123 0.0101723 0.0086445 0.00833946 0.0116442 0.00803649 0.0119907 0.00844456 0.00862697 0.0110409 0.00941375 0.0105407 0.00894074 0.0101172 0.00848573 0.0105911 0.0100386 0.0138099 0.0133269 0.0134495 
0.0130637 0.0127587 0.0125495 0.0105566 0.00919488 0.0106453 0.0108174 0.00966502 0.00968715 0.00808281 0.00826136 0.0130146 0.00951954 0.00781354 0.00917361 0.0127925 0.00696426 0.00941709 0.00769918 0.00820699 0.0109285 0.00918326 0.00956391 0.0076349 0.00898055 0.00719783 0.00933209 0.00851883 0.0137062 0.0134919 0.0132241 
0.0125382 0.0117765 0.0116474 0.0107339 0.00936185 0.0103055 0.00965118 0.0100602 0.00892346 0.00808796 0.00757491 0.0107084 0.0114865 0.00791916 0.00877492 0.0124742 0.00867295 0.0103575 0.0079501 0.00915607 0.0091683 0.00867348 0.0103731 0.00928165 0.00924656 0.00728578 0.00881302 0.00868853 0.0135418 0.0128695 0.0117743 
0.0150995 0.0141534 0.0146986 0.0130354 0.0126903 0.0130395 0.0121311 0.0127351 0.0115108 0.0122784 0.0100707 0.0129542 0.0149374 0.0115106 0.0118121 0.0150694 0.01403 0.0136689 0.0118715 0.0126384 0.0106667 0.0108798 0.0145542 0.0139985 0.0142249 0.0107085 0.0125724 0.0131053 0.0143094 0.0139648 0.0128796 
0.011857 0.0128161 0.0134481 0.00976061 0.0109146 0.0104494 0.0113999 0.0118716 0.0111293 0.0116201 0.00919863 0.0116553 0.0116654 0.0112628 0.00968223 0.0127449 0.013014 0.00976829 0.0108622 0.0116573 0.0105118 0.00945967 0.012844 0.0118704 0.0131069 0.00934437 0.0123233 0.0125401 0.0112306 0.010827 0.0105957 
0.0107392 0.014033 0.014924 0.00934467 0.010098 0.0085429 0.0129861 0.0135307 0.0124318 0.0131771 0.0110293 0.0109288 0.0108768 0.0121822 0.00848611 0.0133289 0.0129786 0.00855945 0.0118611 0.0113598 0.0133878 0.00910982 0.0111979 0.0115995 0.0143573 0.0106927 0.0144037 0.014825 0.0108244 0.012583 0.0140798 
0.00929135 0.0113371 0.0121499 0.0087805 0.00866791 0.00791547 0.0125003 0.0119901 0.0122024 0.0129354 0.0106398 0.0110971 0.00925896 0.0112944 0.00781306 0.0103322 0.0105805 0.00827147 0.01158 0.0103954 0.0131104 0.00992623 0.0116375 0.011429 0.0121255 0.011817 0.0138072 0.0140031 0.0102735 0.0131521 0.0130959 
0.0140235 0.0153458 0.0161227 0.0121081 0.011015 0.0123248 0.0143994 0.0146201 0.0140531 0.0134283 0.0149629 0.0129621 0.0136726 0.0131098 0.0114097 0.0143588 0.0110639 0.0119628 0.0133759 0.0115875 0.0140846 0.0115626 0.0131606 0.0123582 0.014438 0.0126267 0.0144729 0.014754 0.014618 0.0166868 0.0152611 
0.0140614 0.0131471 0.0135064 0.0108778 0.0103591 0.0105421 0.00968662 0.00957875 0.010519 0.00852861 0.0101053 0.0105889 0.0121892 0.00909228 0.00807789 0.0124907 0.00865847 0.0123385 0.0123325 0.0100936 0.0104473 0.00951744 0.0141958 0.0126126 0.0100178 0.00897122 0.00929612 0.00952227 0.0107834 0.0104131 0.0103746 
-0.484397 -0.337956 -0.370185 -0.372458 -0.467669 -0.529108 -0.343024 -0.263407 -0.194456 -0.253546 -0.361235 -0.37848 -0.423674 -0.36667 -0.508662 -0.583544 -0.359571 -0.551933 -0.361299 -0.467814 -0.350622 -0.480452 -0.389585 -0.351399 0.0193305 -0.428745 -0.182503 -0.280696 -0.533108 -0.428751 -0.498691 
-0.861657 -0.640119 -0.605598 -0.900459 -0.881055 -0.759698 -0.745868 -0.681249 -0.177194 -0.31688 -0.823414 -0.796306 -0.886072 -0.52977 -0.852073 -0.784555 -0.805337 -0.824649 -0.907307 -0.871134 -0.597765 -0.82795 -0.8835 -0.883048 -0.193192 -0.882641 -0.417631 -0.51138 -0.7157 -0.666347 -0.752561 
-0.151349 -0.689952 -0.704425 -0.224608 -0.0709029 -0.378025 -0.570978 -0.68302 -0.964774 -0.913949 -0.437606 -0.471858 -0.188087 -0.764785 -0.123429 -0.209642 -0.471318 -0.123789 -0.215075 -0.149252 -0.720931 -0.289248 -0.260098 -0.31104 -0.980971 -0.192675 -0.890099 -0.812219 -0.451186 -0.610045 -0.430068 
-0.601492 -0.581628 -0.628269 -0.714513 -0.696618 -0.77876 -0.606958 -0.631005 -0.646053 -0.704496 -0.808176 -0.695786 -0.747013 -0.71409 -0.749497 -0.7668 -0.786711 -0.818741 -0.819226 -0.792825 -0.754736 -0.716976 -0.715517 -0.807924 -0.561249 -0.761978 -0.643395 -0.728691 -0.700357 -0.664154 -0.73681 
-0.790879 -0.713051 -0.638139 -0.697015 -0.704645 -0.626968 -0.714479 -0.619412 -0.271893 -0.440253 -0.584764 -0.706732 -0.664515 -0.528625 -0.655327 -0.640444 -0.47813 -0.573521 -0.573471 -0.609376 -0.544556 -0.664701 -0.695871 -0.575676 -0.0732872 -0.645825 -0.321921 -0.342634 -0.700651 -0.677152 -0.638133 
0.112769 -0.391495 -0.445037 0.0603473 0.134905 -0.0210495 -0.348026 -0.467078 -0.713225 -0.556654 -0.0700202 -0.128106 0.0197638 -0.458946 0.0938081 0.0430034 -0.390484 0.0271539 0.000346094 -0.00942286 -0.365831 -0.210043 -0.0616344 -0.12592 -0.824396 0.0479497 -0.694557 -0.592968 -0.136334 -0.316802 -0.223377 
-0.600022 -0.616133 -0.670587 -0.645313 -0.702521 -0.637912 -0.590044 -0.704022 -0.750016 -0.796667 -0.694909 -0.645889 -0.648829 -0.815223 -0.619424 -0.753456 -0.917398 -0.74276 -0.758815 -0.81031 -0.764351 -0.58563 -0.525727 -0.654333 -0.77831 -0.651295 -0.790084 -0.819406 -0.681552 -0.703795 -0.659102 
-0.799752 -0.711455 -0.610969 -0.763377 -0.711341 -0.768084 -0.739011 -0.613884 -0.320789 -0.414729 -0.694788 -0.757732 -0.760805 -0.484414 -0.781704 -0.655666 -0.262806 -0.669546 -0.612981 -0.575408 -0.530293 -0.74717 -0.813661 -0.700052 -0.182907 -0.757391 -0.338472 -0.272605 -0.719101 -0.626045 -0.648941 
-0.0192465 -0.337953 -0.42075 0.0287456 0.0214131 -0.0558101 -0.325131 -0.35707 -0.57842 -0.439684 -0.185395 -0.0931113 -0.0139935 -0.317418 0.0724683 0.0490627 -0.298853 -0.00394152 -0.220122 -0.11092 -0.366821 -0.314284 -0.248128 -0.285965 -0.600648 -0.0466309 -0.511081 -0.504243 -0.135572 -0.335767 -0.380079 
-0.429685 -0.478128 -0.541701 -0.542717 -0.726794 -0.477184 -0.494517 -0.633331 -0.682975 -0.702587 -0.653334 -0.44852 -0.42821 -0.767057 -0.540182 -0.54902 -0.91275 -0.664722 -0.745949 -0.725091 -0.675803 -0.71621 -0.531065 -0.579555 -0.76519 -0.514809 -0.76948 -0.778578 -0.487658 -0.560291 -0.603403 
-0.88653 -0.863391 -0.783819 -0.818096 -0.671822 -0.857144 -0.853132 -0.748373 -0.702493 -0.68328 -0.722466 -0.892782 -0.867802 -0.638082 -0.795347 -0.794462 -0.369901 -0.713704 -0.659654 -0.688599 -0.678258 -0.690957 -0.839727 -0.780204 -0.566281 -0.856528 -0.593683 -0.533887 -0.866494 -0.771984 -0.694953 
0.17157 -0.161087 -0.303626 0.190203 0.142922 0.193906 -0.166189 -0.197052 -0.200122 -0.198749 -0.226269 0.0420756 0.252102 -0.0668951 0.275001 0.25963 -0.173382 0.220843 -0.0917443 0.00861477 -0.288542 -0.0980885 -0.113261 -0.235369 -0.306282 -0.0364881 -0.235459 -0.329818 0.106668 -0.300192 -0.391082 
-0.196796 -0.290552 -0.363677 -0.367626 -0.698085 -0.248955 -0.430213 -0.302496 -0.254919 -0.487868 -0.477289 -0.260692 -0.363857 -0.492788 -0.523728 -0.417651 -0.79906 -0.413075 -0.64541 -0.508482 -0.383162 -0.702292 -0.490876 -0.296055 -0.420352 -0.403229 -0.510831 -0.50712 -0.104653 -0.372098 -0.381735 
-0.896417 -0.95574 -0.92091 -0.843286 -0.637835 -0.863493 -0.899913 -0.952543 -0.965847 -0.870588 -0.878701 -0.942215 -0.805678 -0.862205 -0.580119 -0.850209 -0.599906 -0.794864 -0.703973 -0.788809 -0.910291 -0.615291 -0.837048 -0.929638 -0.881721 -0.883228 -0.857979 -0.846989 -0.93868 -0.926487 -0.908141 
0.397124 -0.0462587 -0.140228 0.39207 0.325336 0.438635 0.0712277 -0.0340176 0.0464246 0.063734 0.00891381 0.210406 0.467429 0.117313 0.623836 0.320489 -0.0402004 0.444477 0.296423 0.345292 -0.156709 0.358055 0.241641 0.219374 -0.214178 0.239404 -0.0540724 -0.159497 0.328525 -0.0562611 -0.171926 
-0.127396 -0.127336 -0.132856 -0.0357416 -0.380884 -0.0905939 -0.259647 0.123384 0.0163906 -0.0211361 -0.213428 -0.234316 -0.306286 -0.255584 -0.252788 -0.303376 -0.252211 -0.301682 -0.352644 -0.0775998 0.0332677 -0.40188 -0.213607 0.00425989 -0.204593 -0.29006 0.0523335 -0.200356 -0.141815 -0.210395 -0.0455994 
-0.561068 -0.889335 -0.916079 -0.501325 -0.529087 -0.535451 -0.735167 -0.840552 -0.842633 -0.831985 -0.682177 -0.67733 -0.378972 -0.809767 -0.285045 -0.723889 -0.86822 -0.548122 -0.607857 -0.487582 -0.954756 -0.354985 -0.5484 -0.6072 -0.959823 -0.553607 -0.899765 -0.876096 -0.689121 -0.874231 -0.899687 
0.817907 0.439168 0.378351 0.864521 0.758284 0.839693 0.626189 0.527493 0.538238 0.554396 0.699345 0.697366 0.873252 0.528161 0.92458 0.619636 0.427298 0.780097 0.711444 0.869622 0.295524 0.844084 0.808474 0.794538 0.192046 0.78063 0.433225 0.438536 0.710634 0.437555 0.434148 
-0.1411 -0.0666027 0.0380724 -0.203985 -0.225164 -0.0158002 0.145626 0.219605 0.133567 0.0708943 0.173831 -0.0511523 -0.0405245 0.14372 -0.0334038 0.00527941 -0.0459962 0.0286622 0.0308865 0.363823 0.126302 0.100513 -0.000375763 0.0573259 0.00843144 -0.267252 0.0836667 -0.147179 -0.203938 -0.085772 0.0905549 
-0.384682 -0.802381 -0.842568 -0.384829 -0.416222 -0.381751 -0.693214 -0.723731 -0.819139 -0.808864 -0.489933 -0.431624 -0.17164 -0.760922 -0.135787 -0.667248 -0.870028 -0.373861 -0.434869 -0.384241 -0.900275 -0.321288 -0.471002 -0.5302 -0.969414 -0.512445 -0.861986 -0.87935 -0.532842 -0.811776 -0.841012 
0.912201 0.593084 0.537243 0.900165 0.880943 0.92413 0.705866 0.654207 0.557827 0.583706 0.854253 0.900602 0.984326 0.632726 0.990175 0.744817 0.490851 0.927042 0.899964 0.848523 0.416596 0.941632 0.882132 0.845932 0.245286 0.816074 0.499979 0.45286 0.821272 0.577635 0.533384 
-0.0548373 0.0685536 0.17273 -0.091539 -0.0153821 0.235628 0.539241 0.311238 0.395648 0.302601 0.542501 0.219541 0.102452 0.387455 0.269785 0.14013 0.15259 0.237351 0.574443 0.451095 0.209566 0.625294 0.164951 0.389952 0.128578 -0.256431 0.270848 0.0212995 -0.065682 0.196768 0.158372 
-0.281663 -0.744321 -0.784382 -0.342678 -0.349759 -0.265287 -0.563058 -0.686588 -0.743991 -0.777469 -0.424276 -0.363923 -0.10338 -0.671241 0.0574402 -0.560276 -0.843446 -0.17865 -0.400791 -0.371563 -0.858801 -0.284842 -0.344933 -0.336838 -0.946754 -0.412089 -0.839483 -0.862926 -0.466141 -0.772111 -0.793577 
0.957945 0.664294 0.595743 0.934983 0.936713 0.934934 0.626246 0.65706 0.53846 0.551339 0.725039 0.905186 0.989351 0.631912 0.961206 0.816367 0.515088 0.954855 0.71371 0.811452 0.467487 0.726548 0.92402 0.857017 0.29517 0.874314 0.471073 0.504881 0.882269 0.604257 0.587498 
0.0782495 0.220734 0.271897 0.168059 0.202028 0.409327 0.74871 0.309421 0.612367 0.454554 0.812224 0.422083 0.173596 0.587518 0.607323 0.0384306 0.302992 0.28729 0.759583 0.530816 0.35093 0.853599 0.480879 0.859499 0.274612 0.532666 0.466439 0.36499 0.193198 0.324295 0.293262 
-0.377623 -0.794244 -0.839738 -0.420232 -0.401112 -0.272824 -0.546426 -0.833123 -0.710311 -0.841979 -0.550075 -0.462134 -0.278467 -0.68255 -0.0598429 -0.566045 -0.876692 -0.199321 -0.605111 -0.495118 -0.879049 -0.35555 -0.396582 -0.268787 -0.949237 -0.132001 -0.84473 -0.877384 -0.599614 -0.84179 -0.856725 
0.922647 0.566086 0.470014 0.891718 0.893473 0.870643 0.375304 0.458437 0.347081 0.290606 0.19419 0.779922 0.944627 0.434683 0.792198 0.823478 0.373639 0.936876 0.238483 0.687817 0.322678 0.380728 0.78197 0.434759 0.153416 0.835968 0.262424 0.311414 0.776619 0.431534 0.424288 
0.00507235 0.356857 0.389574 0.20575 0.348558 0.258228 0.797526 0.395295 0.747217 0.658049 0.766112 0.559403 0.186708 0.758751 0.60607 0.0205352 0.644211 0.164506 0.584439 0.664308 0.535258 0.878997 0.736457 0.854911 0.576027 0.991211 0.622978 0.613723 0.272802 0.462843 0.508029 
-0.268108 -0.684493 -0.751552 -0.245422 -0.257494 -0.211057 -0.47666 -0.83636 -0.577808 -0.712013 -0.64214 -0.379139 -0.203157 -0.607736 -0.128296 -0.490024 -0.673095 -0.191838 -0.767617 -0.400718 -0.790469 -0.40675 -0.345662 -0.471285 -0.812107 0.0753528 -0.743387 -0.7608 -0.494935 -0.778721 -0.765923 
0.963376 0.635706 0.532354 0.947331 0.901224 0.942748 0.369794 0.379793 0.328336 0.244968 -0.0269963 0.737103 0.96118 0.234422 0.784996 0.871467 0.363229 0.967541 0.263049 0.630967 0.297756 0.248834 0.581505 0.216835 0.0931418 0.108731 0.243464 0.211014 0.824996 0.423522 0.394041 
-0.0251237 0.419993 0.4493 0.191749 0.394626 0.102356 0.732939 0.520816 0.830543 0.808144 0.896163 0.671699 0.181921 0.720247 0.592478 0.066155 0.708198 0.140931 0.840987 0.613875 0.65219 0.887095 0.794636 0.843532 0.760651 0.932119 0.764221 0.78456 0.252371 0.615641 0.581647 
-0.196442 -0.572762 -0.674811 -0.247708 -0.166759 -0.1441 -0.46351 -0.718692 -0.440427 -0.499664 -0.438436 -0.234604 -0.140568 -0.569916 -0.049599 -0.350468 -0.552062 -0.233214 -0.505798 -0.339922 -0.667625 -0.369175 -0.131248 -0.432358 -0.624141 -0.282195 -0.580119 -0.536072 -0.463004 -0.680483 -0.682469 
0.980194 0.703953 0.585457 0.94967 0.903583 0.984255 0.497955 0.460686 0.340915 0.31183 0.0683104 0.702696 0.973214 0.395525 0.804058 0.934235 0.440094 0.962159 0.192118 0.712468 0.359061 0.277077 0.592729 0.318622 0.178486 -0.226982 0.281832 0.311597 0.849668 0.397404 0.442632 
0.036507 0.352797 0.495185 0.0994047 0.280651 0.030777 0.758521 0.649671 0.862909 0.847983 0.965017 0.675354 0.173318 0.793504 0.639542 -0.0344441 0.728634 0.153001 0.96886 0.645148 0.72542 0.970475 0.822084 0.989799 0.841663 0.997504 0.833248 0.843332 0.281899 0.591304 0.635488 
0.0464324 -0.399954 -0.425222 -0.0323716 -0.0475901 0.0853488 -0.328664 -0.403198 -0.204508 -0.189093 -0.0622356 -0.0153538 0.136813 -0.272234 0.226145 -0.167566 -0.215209 0.0276464 -0.202284 -0.133426 -0.39876 -0.0513251 0.0779972 0.0331474 -0.37279 -0.0199045 -0.247312 -0.223623 -0.143712 -0.51028 -0.458714 
0.998254 0.845914 0.757613 0.99452 0.958629 0.995876 0.562696 0.644484 0.462131 0.495146 0.254694 0.737334 0.975317 0.544279 0.734741 0.985259 0.650214 0.987839 0.142798 0.752318 0.561031 0.23568 0.563999 0.138564 0.390679 -0.0677486 0.494504 0.488655 0.94862 0.624479 0.621077 
0.0775431 0.398319 0.554161 0.154841 0.305777 0.13622 0.846648 0.731144 0.909124 0.898001 0.950578 0.752644 0.260458 0.863329 0.662733 0.0540373 0.806756 0.196602 0.985436 0.735183 0.799438 0.946278 0.827769 0.962479 0.905692 0.930252 0.920779 0.887693 0.328703 0.685521 0.721227 
0.0319325 -0.375175 -0.337858 0.0666773 -0.0952094 0.028836 -0.174501 -0.202841 0.0210394 -0.0371462 0.0961467 0.0311505 0.107775 -0.0310764 0.491223 -0.185301 -0.0314589 0.118621 -0.0847126 -0.0399401 -0.190528 0.272555 0.0831655 0.271064 -0.184523 0.355097 0.0635244 0.0977446 -0.0788275 -0.336683 -0.288124 
0.996477 0.83701 0.760761 0.985687 0.947331 0.990259 0.502729 0.651371 0.415994 0.438422 0.295225 0.657691 0.959451 0.503684 0.565229 0.981195 0.590046 0.973281 0.147441 0.676692 0.569735 0.173989 0.554871 0.0126041 0.381672 -0.0923968 0.384876 0.44994 0.941138 0.645527 0.629934 
-0.353656 -0.281037 -0.418133 -0.08836 -0.337523 -0.376078 -0.244994 -0.100827 0.156118 0.00528684 -0.0682271 0.0229633 -0.206983 -0.177618 -0.453334 -0.301119 -0.196568 -0.328714 -0.000659438 -0.358725 -0.119928 -0.380467 -0.0431983 -0.0784137 0.0112398 -0.307841 0.0984304 0.00262596 -0.407865 -0.232223 -0.495003 
-0.878554 -0.556552 -0.469595 -0.933597 -0.916698 -0.794818 -0.715939 -0.674083 -0.321312 -0.390056 -0.877309 -0.810504 -0.940394 -0.524194 -0.883904 -0.874877 -0.844439 -0.929424 -0.981902 -0.909188 -0.598553 -0.842105 -0.913643 -0.90973 -0.292553 -0.9127 -0.516353 -0.556612 -0.714964 -0.616636 -0.716911 
-0.321045 -0.781836 -0.777589 -0.347259 -0.213877 -0.476267 -0.653766 -0.731742 -0.934016 -0.920776 -0.475052 -0.585283 -0.269846 -0.83287 -0.114904 -0.379364 -0.498281 -0.167686 -0.189388 -0.211409 -0.792056 -0.382235 -0.404215 -0.407729 -0.956183 -0.268723 -0.8507 -0.830769 -0.567867 -0.752218 -0.490928 
-0.538653 -0.447925 -0.432133 -0.490221 -0.592169 -0.533792 -0.407283 -0.475912 -0.359993 -0.548645 -0.633749 -0.469685 -0.473083 -0.51602 -0.654096 -0.633776 -0.588347 -0.624131 -0.490272 -0.603412 -0.5507 -0.423569 -0.487184 -0.457946 -0.356902 -0.577488 -0.365712 -0.478675 -0.619409 -0.577819 -0.595809 
-0.799199 -0.616175 -0.5984 -0.83142 -0.793212 -0.71965 -0.670339 -0.618161 -0.370662 -0.408336 -0.692708 -0.733015 -0.831762 -0.50057 -0.744197 -0.715964 -0.611789 -0.750422 -0.800327 -0.769797 -0.493838 -0.778953 -0.774834 -0.76212 -0.280924 -0.778369 -0.445431 -0.473418 -0.663391 -0.60905 -0.659744 
-0.266709 -0.647836 -0.674669 -0.26158 -0.141949 -0.444038 -0.620295 -0.625607 -0.856163 -0.729555 -0.344264 -0.492021 -0.290456 -0.695092 -0.135385 -0.292787 -0.528736 -0.217549 -0.345123 -0.208102 -0.672944 -0.462409 -0.402845 -0.457667 -0.8909 -0.246271 -0.817218 -0.739423 -0.419816 -0.543308 -0.457985 
-0.40343 -0.383914 -0.392774 -0.48035 -0.521662 -0.527129 -0.399314 -0.461342 -0.439888 -0.556156 -0.600077 -0.496859 -0.406108 -0.610997 -0.568001 -0.596053 -0.605091 -0.527862 -0.464128 -0.522444 -0.4769 -0.271408 -0.373776 -0.395045 -0.48979 -0.538834 -0.510245 -0.540163 -0.465498 -0.442605 -0.440483 
-0.839665 -0.629455 -0.627773 -0.837184 -0.814222 -0.762167 -0.674829 -0.640549 -0.387138 -0.416893 -0.655109 -0.749134 -0.86629 -0.479767 -0.790601 -0.721729 -0.528264 -0.816877 -0.821513 -0.788766 -0.509459 -0.847282 -0.819739 -0.75626 -0.235412 -0.776215 -0.394749 -0.388039 -0.685959 -0.558336 -0.686025 
-0.363602 -0.675571 -0.672034 -0.26151 -0.254775 -0.375814 -0.620608 -0.61389 -0.810323 -0.718951 -0.459064 -0.438098 -0.290892 -0.629688 -0.228746 -0.351892 -0.595652 -0.232539 -0.331213 -0.323882 -0.716253 -0.456564 -0.433957 -0.521545 -0.839456 -0.327335 -0.764084 -0.74676 -0.559261 -0.701684 -0.579089 
-0.26151 -0.319302 -0.270718 -0.345044 -0.529134 -0.479796 -0.389836 -0.436832 -0.558869 -0.617692 -0.486799 -0.449448 -0.275919 -0.652805 -0.333897 -0.451303 -0.613109 -0.473731 -0.506168 -0.467404 -0.452664 -0.274978 -0.302702 -0.42215 -0.581629 -0.472171 -0.564067 -0.595296 -0.386209 -0.424214 -0.307054 
-0.961475 -0.837832 -0.80764 -0.937921 -0.842068 -0.87535 -0.827627 -0.794475 -0.628751 -0.554959 -0.801423 -0.87188 -0.959706 -0.613714 -0.908634 -0.890689 -0.577014 -0.875493 -0.732647 -0.812579 -0.721311 -0.930384 -0.903248 -0.818372 -0.401924 -0.828654 -0.549575 -0.424888 -0.87615 -0.742999 -0.812222 
-0.0847257 -0.442813 -0.52386 -0.0353316 -0.104586 -0.0596502 -0.403808 -0.421886 -0.540682 -0.557204 -0.347488 -0.194479 -0.053229 -0.444073 0.250793 -0.0547596 -0.539585 -0.0953506 -0.454997 -0.348207 -0.52422 -0.24243 -0.304162 -0.389944 -0.707223 -0.300644 -0.616275 -0.681977 -0.288451 -0.517682 -0.495997 
-0.0173594 -0.0919191 -0.139591 -0.17671 -0.415262 -0.257561 -0.318013 -0.326875 -0.438725 -0.502791 -0.38715 -0.311017 -0.0392779 -0.479994 -0.215764 -0.148964 -0.637883 -0.224655 -0.586804 -0.518957 -0.308996 -0.416903 -0.255949 -0.422491 -0.393314 -0.402301 -0.445841 -0.509399 -0.157332 -0.302549 -0.224881 
-0.981802 -0.955425 -0.915578 -0.956921 -0.905161 -0.946405 -0.930209 -0.899524 -0.808239 -0.764606 -0.900963 -0.950178 -0.97006 -0.833463 -0.902403 -0.98331 -0.625018 -0.958478 -0.808932 -0.853654 -0.843249 -0.892829 -0.964545 -0.904202 -0.750031 -0.910994 -0.74347 -0.62897 -0.985203 -0.898868 -0.901531 
0.189112 -0.28056 -0.377134 0.230383 0.0907779 0.194887 -0.183242 -0.289843 -0.392772 -0.40321 -0.195912 -0.0207278 0.239668 -0.27376 0.372981 0.104461 -0.449953 0.175643 0.0359256 0.0442611 -0.439833 0.170434 0.0643745 -0.0626072 -0.531749 -0.0907948 -0.498475 -0.58729 0.0679911 -0.317017 -0.369688 
0.0763184 -0.00288888 -0.0646473 -0.0194807 -0.348439 0.0903679 -0.118916 -0.114842 -0.0656172 -0.157412 -0.148878 -0.128867 -0.0665394 -0.253588 0.116208 0.0811688 -0.464238 -0.0877851 -0.582407 -0.238256 -0.0516124 -0.482875 -0.26576 -0.274525 -0.274385 -0.270512 -0.215101 -0.296478 0.0285569 -0.0772046 0.0122344 
-0.822381 -0.977115 -0.992695 -0.83408 -0.801474 -0.85278 -0.960473 -0.964485 -0.984995 -0.973269 -0.910182 -0.873947 -0.735266 -0.945255 -0.734617 -0.914768 -0.884105 -0.821167 -0.732664 -0.821076 -0.998643 -0.703266 -0.802852 -0.828152 -0.953018 -0.822201 -0.975193 -0.953888 -0.878986 -0.973808 -0.988068 
0.563795 0.212694 0.101871 0.551299 0.486035 0.514393 0.251697 0.237864 0.159622 0.167242 0.386529 0.468626 0.674504 0.20539 0.668456 0.395742 -0.0533012 0.563896 0.352143 0.518718 0.00691412 0.521774 0.533667 0.488672 -0.128335 0.500808 0.0522532 -0.0468818 0.475992 0.213863 0.153534 
0.0118078 -0.0119573 -0.0519519 -0.0445571 -0.165353 0.228569 0.0952628 0.104178 0.260628 0.115093 0.104258 -0.0204506 -0.150819 -0.00786126 0.37238 0.00792917 -0.206913 0.0906087 -0.161079 0.0579237 0.147378 -0.086714 0.0512375 0.243561 -0.0635236 0.0698092 0.0112741 -0.0247469 0.0508986 0.0017107 0.114462 
-0.622404 -0.856156 -0.887254 -0.634011 -0.651244 -0.635873 -0.851082 -0.815442 -0.849014 -0.841829 -0.713609 -0.69517 -0.579718 -0.873413 -0.471182 -0.73276 -0.791167 -0.641951 -0.746723 -0.676457 -0.912233 -0.704053 -0.603922 -0.581006 -0.970252 -0.563952 -0.905841 -0.906799 -0.694228 -0.855651 -0.831573 
0.782607 0.51658 0.458345 0.772039 0.740634 0.737171 0.516318 0.569387 0.459617 0.527331 0.692742 0.718554 0.800738 0.486917 0.799576 0.680441 0.575536 0.761373 0.645336 0.734201 0.382243 0.704834 0.795395 0.776601 0.233613 0.822852 0.423468 0.420836 0.717953 0.517551 0.543493 
0.250064 0.162889 0.191439 0.302059 0.221007 0.518212 0.42681 0.32257 0.503122 0.462651 0.500082 0.324547 0.0398749 0.354597 0.473586 0.170098 0.309878 0.165708 0.24754 0.393312 0.474242 0.35259 0.390759 0.38911 0.220432 0.458125 0.285284 0.238378 0.29525 0.248898 0.391436 
-0.576447 -0.838671 -0.856239 -0.604898 -0.556996 -0.492087 -0.781678 -0.778187 -0.750675 -0.761972 -0.658659 -0.688169 -0.591442 -0.812931 -0.3892 -0.654176 -0.696935 -0.564699 -0.835144 -0.632672 -0.80346 -0.746854 -0.560664 -0.68121 -0.946866 -0.54093 -0.876412 -0.891255 -0.666947 -0.842423 -0.786185 
0.777931 0.51971 0.479797 0.73679 0.800569 0.699505 0.454766 0.538863 0.428199 0.453159 0.562215 0.648917 0.805361 0.461956 0.790088 0.736967 0.646728 0.80849 0.49118 0.667107 0.359927 0.563816 0.730043 0.620118 0.23421 0.705348 0.387962 0.385799 0.684112 0.477884 0.478217 
0.253564 0.292855 0.341536 0.386871 0.392752 0.427663 0.55111 0.461268 0.60385 0.588955 0.655053 0.498185 0.205054 0.540378 0.404319 0.0288446 0.73618 0.0797081 0.397154 0.540709 0.633216 0.406843 0.49667 0.384011 0.424742 0.647806 0.470531 0.459669 0.458011 0.451133 0.554316 
-0.466085 -0.779998 -0.819329 -0.463588 -0.39215 -0.248906 -0.697123 -0.76394 -0.667079 -0.70509 -0.620566 -0.574155 -0.510331 -0.717482 -0.353969 -0.596584 -0.563008 -0.467504 -0.833674 -0.581407 -0.693251 -0.757381 -0.555039 -0.766751 -0.878322 -0.445336 -0.80742 -0.81682 -0.572425 -0.778577 -0.73758 
0.847626 0.553027 0.460493 0.79713 0.831844 0.868994 0.458582 0.451251 0.436314 0.394943 0.431048 0.649736 0.835173 0.439557 0.843346 0.802032 0.37558 0.88039 0.38374 0.607948 0.344152 0.510738 0.667271 0.51442 0.219418 0.61808 0.355912 0.348582 0.680114 0.436231 0.38563 
0.0569215 0.398257 0.418505 0.187677 0.435446 0.171094 0.579889 0.521686 0.694202 0.713349 0.712468 0.569208 0.266918 0.670183 0.494428 -0.031525 0.830168 0.0518608 0.550082 0.696669 0.665479 0.540983 0.599955 0.574788 0.550044 0.838132 0.616543 0.655981 0.507176 0.597195 0.6276 
-0.47041 -0.732552 -0.790824 -0.472725 -0.277623 -0.254921 -0.684311 -0.765795 -0.610055 -0.64656 -0.654527 -0.490657 -0.466025 -0.660287 -0.308386 -0.607108 -0.476919 -0.357601 -0.798907 -0.45217 -0.685702 -0.740976 -0.552966 -0.724682 -0.822193 -0.380357 -0.741932 -0.712221 -0.504959 -0.711086 -0.679243 
0.88061 0.55205 0.4466 0.860993 0.856336 0.951705 0.442094 0.376035 0.381991 0.270357 0.252951 0.659741 0.843549 0.338934 0.812674 0.793994 0.288737 0.932433 0.243222 0.556951 0.294874 0.397859 0.578173 0.380072 0.146461 0.390978 0.26346 0.249862 0.698419 0.3711 0.380457 
0.0832034 0.413918 0.439303 0.202703 0.462436 0.053371 0.72859 0.669392 0.849738 0.879186 0.811167 0.714933 0.235309 0.793736 0.501286 0.101224 0.813779 0.159747 0.751025 0.73736 0.702312 0.888238 0.659836 0.842506 0.730374 0.945923 0.817644 0.841766 0.526917 0.722048 0.719058 
-0.45742 -0.714767 -0.77504 -0.431924 -0.292046 -0.276515 -0.5544 -0.647983 -0.466482 -0.445799 -0.57286 -0.374195 -0.419993 -0.538943 0.000764644 -0.524101 -0.481105 -0.336804 -0.655483 -0.361384 -0.664092 -0.442398 -0.486424 -0.52306 -0.677407 -0.322336 -0.547082 -0.517916 -0.437095 -0.61448 -0.600151 
0.88535 0.56372 0.454232 0.878836 0.837175 0.959527 0.40224 0.363362 0.245641 0.168215 0.117639 0.590635 0.876491 0.281998 0.865282 0.845619 0.32604 0.927925 0.079399 0.570703 0.256398 0.123761 0.572721 0.128813 0.0876033 0.0364469 0.179332 0.152295 0.728908 0.317901 0.350392 
0.290818 0.511163 0.55605 0.378043 0.668927 0.263717 0.884215 0.759359 0.949452 0.97881 0.91055 0.841684 0.380164 0.919274 0.651928 0.281631 0.926911 0.499149 0.77523 0.840448 0.834321 0.981825 0.774649 0.883696 0.902033 0.944465 0.981725 0.979485 0.623692 0.828462 0.810649 
-0.392978 -0.625482 -0.698865 -0.296828 -0.225527 -0.187987 -0.323023 -0.525793 -0.281785 -0.182789 -0.412548 -0.216368 -0.349076 -0.326814 0.05862 -0.387304 -0.217423 -0.29129 -0.629714 -0.23169 -0.504609 -0.183275 -0.413214 -0.45215 -0.431273 -0.024399 -0.180121 -0.199979 -0.293899 -0.465331 -0.483387 
0.872349 0.589478 0.449884 0.876913 0.70829 0.946105 0.337371 0.383295 0.138342 0.092301 -0.0265298 0.494724 0.856517 0.219379 0.756011 0.877884 0.305882 0.816088 -0.0497866 0.489865 0.221987 -0.0492886 0.47872 -0.121002 0.0184733 -0.327705 0.061423 0.0248545 0.724315 0.311637 0.330432 
0.143617 0.420592 0.502465 0.220125 0.446164 0.167584 0.688621 0.581483 0.910361 0.793033 0.888857 0.684575 0.285107 0.728967 0.637714 0.197581 0.821751 0.170935 0.751754 0.697842 0.733894 0.942997 0.735856 0.935408 0.776689 0.979174 0.858917 0.857747 0.448289 0.739365 0.67783 
-0.3961 -0.627988 -0.652191 -0.357453 -0.434361 -0.270364 -0.599202 -0.632401 -0.292037 -0.443115 -0.277649 -0.346674 -0.39081 -0.560438 -0.041291 -0.46629 -0.30008 -0.278404 -0.650421 -0.421662 -0.475573 -0.285148 -0.389563 -0.307604 -0.520482 0.192751 -0.298168 -0.134061 -0.329075 -0.439951 -0.467068 
0.906906 0.654777 0.567606 0.907619 0.782476 0.948061 0.40836 0.511808 0.293186 0.418028 0.364478 0.641229 0.875204 0.393086 0.769166 0.862285 0.484435 0.945131 0.108707 0.57898 0.485005 0.171601 0.553857 0.174331 0.354756 0.0637559 0.416361 0.496285 0.831111 0.509689 0.567797 
0.464516 0.617972 0.465795 0.469531 0.394501 0.243491 0.486448 0.629743 0.682893 0.637284 0.662735 0.51492 0.341226 0.501573 0.198039 0.451515 0.524007 -0.015806 0.506291 0.217597 0.467426 0.296287 0.356434 0.420385 0.590201 0.429437 0.505733 0.55888 0.464219 0.574944 0.165322 
-0.6727 -0.391127 -0.420309 -0.717598 -0.778967 -0.812747 -0.510106 -0.376309 -0.345263 -0.362131 -0.422924 -0.599365 -0.781471 -0.443037 -0.937832 -0.73037 -0.550735 -0.965958 -0.66904 -0.8715 -0.5056 -0.718118 -0.745483 -0.717253 -0.314735 -0.775737 -0.493788 -0.502711 -0.508193 -0.362511 -0.764242 
-0.575933 -0.682005 -0.778701 -0.514387 -0.487422 -0.529296 -0.709338 -0.67957 -0.643779 -0.680242 -0.617995 -0.612878 -0.522368 -0.743063 -0.285047 -0.512536 -0.649698 -0.258216 -0.544109 -0.439476 -0.725177 -0.629698 -0.563214 -0.55572 -0.743374 -0.462402 -0.707395 -0.659496 -0.725424 -0.733502 -0.62338 
-0.264235 -0.0537316 -0.126178 -0.209424 -0.389766 -0.382923 -0.0713751 0.115261 0.220013 0.0621868 -0.208231 -0.21026 -0.294172 -0.181681 -0.553107 -0.203344 -0.238241 -0.333286 -0.255965 -0.389352 -0.315189 -0.16774 -0.337864 -0.465295 -0.0779854 -0.265467 -0.155296 -0.19842 -0.253148 -0.248985 -0.448131 
-0.645208 -0.387517 -0.317751 -0.636051 -0.704538 -0.546135 -0.379837 -0.38723 -0.197105 -0.232003 -0.575697 -0.55028 -0.71949 -0.270213 -0.600964 -0.61965 -0.459606 -0.717386 -0.698706 -0.678471 -0.227723 -0.48067 -0.686606 -0.611202 -0.00568295 -0.63667 -0.230217 -0.255503 -0.559036 -0.408724 -0.439509 
-0.716859 -0.920295 -0.939741 -0.742685 -0.59305 -0.745055 -0.922296 -0.91475 -0.955376 -0.970725 -0.790704 -0.808073 -0.629125 -0.945504 -0.576988 -0.75808 -0.855572 -0.611783 -0.66805 -0.622962 -0.921302 -0.860709 -0.643754 -0.640259 -0.996938 -0.724002 -0.960668 -0.946228 -0.789554 -0.878038 -0.778467 
-0.244295 -0.0855726 -0.118906 -0.281145 -0.305278 -0.3869 -0.10577 -0.053419 -0.0148214 -0.216607 -0.306293 -0.196809 -0.273925 -0.261773 -0.485703 -0.426105 -0.229316 -0.460078 -0.388747 -0.314287 -0.14321 -0.171587 -0.222742 -0.277956 -0.159675 -0.304804 -0.128434 -0.206009 -0.308406 -0.238187 -0.296345 
-0.459533 -0.233727 -0.175922 -0.49657 -0.55431 -0.399944 -0.2543 -0.17157 -0.0823818 -0.0769261 -0.399653 -0.358835 -0.524383 -0.127936 -0.523299 -0.507056 -0.246292 -0.530431 -0.434245 -0.488674 -0.00955239 -0.50361 -0.458443 -0.324047 0.117593 -0.504871 -0.0752157 -0.0188676 -0.401417 -0.246627 -0.31189 
-0.853902 -0.968529 -0.977196 -0.821204 -0.774303 -0.830875 -0.961324 -0.983723 -0.996491 -0.973223 -0.86398 -0.912416 -0.806218 -0.956612 -0.700179 -0.749219 -0.941676 -0.712019 -0.812593 -0.813893 -0.989646 -0.84672 -0.860358 -0.904287 -0.980141 -0.807589 -0.988862 -0.978368 -0.86241 -0.939384 -0.90272 
-0.228256 -0.0704095 -0.106972 -0.28217 -0.305939 -0.518829 -0.17487 -0.175876 -0.0889478 -0.261788 -0.302345 -0.219952 -0.273641 -0.296949 -0.548287 -0.377072 -0.269707 -0.443725 -0.404598 -0.220601 -0.168381 -0.137179 -0.198579 -0.279741 -0.274566 -0.302029 -0.144139 -0.176024 -0.178513 -0.140491 -0.142876 
-0.657764 -0.406215 -0.34386 -0.684882 -0.675607 -0.542945 -0.460968 -0.4092 -0.320878 -0.294337 -0.466423 -0.54125 -0.722 -0.33257 -0.612453 -0.531223 -0.314174 -0.703471 -0.578505 -0.64495 -0.234102 -0.737735 -0.649202 -0.540521 0.0469926 -0.572318 -0.218254 -0.162586 -0.583828 -0.396538 -0.411622 
-0.717806 -0.911061 -0.932908 -0.671801 -0.670788 -0.660324 -0.870017 -0.895334 -0.942934 -0.919148 -0.831286 -0.811584 -0.635481 -0.895108 -0.569458 -0.758695 -0.910249 -0.55519 -0.70826 -0.731693 -0.95752 -0.661006 -0.734236 -0.793462 -0.960419 -0.762384 -0.965189 -0.970866 -0.792009 -0.907204 -0.900085 
-0.0821339 0.105358 0.0977987 -0.140221 -0.16918 -0.414562 -0.0690684 -0.001376 -0.00191225 -0.204233 -0.164572 -0.32101 -0.149644 -0.227525 -0.475329 -0.164176 -0.0452717 -0.303169 -0.248955 -0.0634714 -0.0205691 0.0468228 -0.0511685 -0.264801 -0.142649 -0.140961 -0.0193866 -0.0686074 -0.216288 -0.0778888 0.0675382 
-0.960552 -0.788425 -0.71521 -0.975155 -0.915053 -0.843758 -0.820472 -0.85875 -0.709774 -0.619084 -0.814515 -0.891361 -0.962105 -0.747849 -0.87978 -0.89038 -0.735329 -0.906573 -0.893655 -0.946823 -0.694187 -0.996382 -0.974408 -0.901057 -0.474908 -0.850254 -0.601062 -0.562603 -0.886784 -0.723986 -0.766052 
-0.265695 -0.606041 -0.692033 -0.171496 -0.366138 -0.340897 -0.5675 -0.512392 -0.704427 -0.758303 -0.55631 -0.320045 -0.227947 -0.623663 0.00710804 -0.424583 -0.676197 -0.293621 -0.373365 -0.315433 -0.719501 -0.070923 -0.218886 -0.343476 -0.868397 -0.507146 -0.798967 -0.823876 -0.408453 -0.685403 -0.63922 
0.363702 0.194383 0.197187 0.295332 0.299953 0.213549 0.165528 -0.13537 0.10837 -0.0829476 0.0871432 -0.185274 0.295417 0.0648616 0.224994 0.434798 0.0360543 0.171128 -0.0815926 -0.0491759 0.119304 -0.0440432 0.0981105 -0.0815474 0.144437 0.0418151 -0.102014 -0.0753581 -0.0444667 -0.0667056 0.0929136 
-0.899007 -0.967732 -0.953636 -0.926282 -0.950116 -0.974218 -0.977564 -0.989713 -0.956448 -0.925276 -0.986514 -0.962216 -0.86416 -0.969263 -0.953598 -0.880961 -0.922863 -0.981775 -0.984028 -0.964098 -0.917124 -0.911737 -0.941124 -0.969581 -0.829671 -0.997608 -0.904985 -0.866933 -0.978663 -0.971424 -0.975327 
0.243943 -0.160343 -0.227367 0.234055 0.0854838 0.072779 -0.130264 -0.0462897 -0.271042 -0.370114 -0.138553 0.199536 0.407377 -0.237323 0.200071 -0.186706 -0.383438 0.0826632 0.158215 0.260954 -0.38033 0.408406 0.323512 0.230786 -0.539244 0.0550348 -0.413032 -0.492695 0.200603 -0.227784 -0.200263 
0.46692 0.178076 0.130844 0.518633 0.473189 0.60923 0.128903 -0.227508 0.0314348 -0.0793954 0.156034 -0.000218414 0.336472 0.0586573 0.577317 0.758401 0.132642 0.573293 -0.210496 0.0755777 0.102306 -0.333464 -0.0253486 -0.335935 0.0242623 0.00860937 -0.204246 -0.153203 -0.00996712 -0.0866937 0.0379344 
-0.737311 -0.955405 -0.981698 -0.738552 -0.787278 -0.750237 -0.973265 -0.936634 -0.998239 -0.994163 -0.925307 -0.901221 -0.675925 -0.996813 -0.71903 -0.616849 -0.990941 -0.72815 -0.929233 -0.873478 -0.984864 -0.844688 -0.905098 -0.892722 -0.954031 -0.826451 -0.978245 -0.986135 -0.86595 -0.984374 -0.993003 
0.488219 0.235564 0.138382 0.430767 0.395329 0.25687 0.190103 0.266377 0.0503005 0.0730492 0.345631 0.433361 0.655676 0.0540702 0.386912 0.210537 0.021044 0.375675 0.303673 0.480962 -0.139919 0.418693 0.424447 0.300326 -0.298723 0.562943 -0.0363436 -0.0637649 0.50003 0.153271 0.111827 
0.443924 0.245115 0.167577 0.572388 0.54259 0.700064 0.289856 0.0378756 0.218975 0.191197 0.346798 0.351093 0.537089 0.350049 0.576435 0.468067 0.346602 0.596788 0.0852753 0.405486 0.266716 0.0672129 0.364055 0.086517 0.0757296 0.161006 0.0719521 0.139143 0.244174 0.0667242 0.0335547 
-0.555403 -0.902586 -0.96042 -0.591419 -0.650082 -0.45283 -0.905674 -0.930853 -0.956361 -0.968694 -0.753441 -0.783592 -0.58134 -0.925683 -0.420676 -0.485675 -0.935203 -0.457442 -0.92663 -0.792138 -0.962743 -0.947084 -0.840051 -0.957296 -0.982129 -0.792057 -0.993256 -0.989502 -0.744067 -0.944834 -0.96959 
0.703177 0.353917 0.22251 0.567976 0.531967 0.552137 0.309416 0.363426 0.193449 0.158353 0.558621 0.51256 0.611211 0.143448 0.700539 0.738264 0.0725391 0.659235 0.366175 0.456178 0.044605 0.313869 0.402216 0.27586 -0.172303 0.588832 0.0909122 0.0390626 0.621887 0.320681 0.242424 
0.496251 0.562422 0.510431 0.635124 0.586082 0.594483 0.544494 0.453156 0.616349 0.54029 0.759751 0.592918 0.717012 0.597846 0.633564 0.404585 0.647028 0.574546 0.410901 0.611239 0.566605 0.471508 0.642695 0.451452 0.275085 0.63705 0.425544 0.501518 0.675898 0.477997 0.449825 
-0.429028 -0.779623 -0.846152 -0.386203 -0.545957 -0.223114 -0.80684 -0.835775 -0.761269 -0.836038 -0.535272 -0.662932 -0.429306 -0.789012 -0.235396 -0.5514 -0.761175 -0.140368 -0.887875 -0.662344 -0.811468 -0.850518 -0.64243 -0.885958 -0.944909 -0.686804 -0.903067 -0.865033 -0.461246 -0.799744 -0.858507 
0.754765 0.275445 0.153256 0.668928 0.598698 0.772535 0.229206 0.310049 0.201451 0.0955409 0.369138 0.457131 0.549172 0.141563 0.737011 0.729568 0.0443451 0.806346 0.206977 0.433228 0.143105 0.233023 0.417405 0.106154 -0.177413 0.349953 0.0581498 -0.0140731 0.574817 0.36322 0.246217 
0.459524 0.674126 0.65849 0.4599 0.413528 0.289216 0.499689 0.579722 0.699772 0.662 0.742476 0.555593 0.609142 0.681591 0.499383 0.515509 0.694063 0.204753 0.516578 0.59231 0.675183 0.489486 0.688532 0.416274 0.600694 0.722931 0.585271 0.667155 0.753359 0.658231 0.625729 
-0.544154 -0.723611 -0.751801 -0.533941 -0.614201 -0.441342 -0.86549 -0.814347 -0.713555 -0.746373 -0.662175 -0.745404 -0.437925 -0.731247 -0.554187 -0.649858 -0.715505 -0.338861 -0.853324 -0.739044 -0.732641 -0.872011 -0.632328 -0.905593 -0.743656 -0.690908 -0.80588 -0.734279 -0.526299 -0.75245 -0.779897 
0.701951 0.148128 0.0344348 0.709506 0.672124 0.849454 0.0351774 0.0276032 0.034027 -0.0684344 -0.10126 0.368359 0.661187 0.0266497 0.665953 0.558512 0.0795598 0.918286 -0.0706007 0.320908 -0.0858239 0.000216488 0.355084 -0.0813482 -0.293499 -0.00410639 -0.0895312 -0.125454 0.394284 -0.0234887 -0.0149519 
0.658525 0.765068 0.764052 0.625126 0.562037 0.415478 0.583566 0.6702 0.757855 0.644407 0.824785 0.688373 0.759677 0.700426 0.52267 0.650173 0.851866 0.256586 0.742461 0.682903 0.764188 0.559535 0.841604 0.729203 0.624137 0.696763 0.638248 0.679872 0.887697 0.789433 0.753201 
-0.583848 -0.642422 -0.64448 -0.598385 -0.625978 -0.542928 -0.806175 -0.738487 -0.648898 -0.75782 -0.514414 -0.695329 -0.442323 -0.712022 -0.573867 -0.655291 -0.523736 -0.616053 -0.638713 -0.708979 -0.626623 -0.798884 -0.537685 -0.652998 -0.695357 -0.716605 -0.761343 -0.726204 -0.359031 -0.597738 -0.657678 
0.474834 0.0443213 -0.029501 0.501151 0.540617 0.7298 -0.0976356 -0.0739532 -0.0677342 -0.10222 -0.23475 0.206543 0.476698 -0.0492861 0.63047 0.384537 0.00494423 0.744743 -0.201985 0.176049 -0.152839 -0.220694 0.0509769 -0.204587 -0.356275 0.0316012 -0.114001 -0.101985 0.288254 -0.139659 -0.0121867 
0.360411 0.557694 0.579266 0.435287 0.621452 0.23183 0.635124 0.618195 0.76538 0.740729 0.743257 0.729675 0.367636 0.681492 0.434526 0.467525 0.808996 0.317187 0.602591 0.723582 0.725887 0.774603 0.577313 0.687731 0.68457 0.855834 0.782476 0.766871 0.689084 0.744327 0.699202 
-0.570167 -0.747853 -0.801885 -0.405558 -0.402972 -0.194341 -0.753132 -0.773452 -0.629463 -0.659257 -0.668094 -0.526624 -0.432987 -0.711295 -0.0736109 -0.671605 -0.5332 -0.510563 -0.797741 -0.499171 -0.682925 -0.631994 -0.756871 -0.723536 -0.721178 -0.504221 -0.615493 -0.638772 -0.355686 -0.665457 -0.687761 
0.73825 0.36013 0.146394 0.803771 0.671871 0.953146 0.171489 0.140025 0.13405 0.129234 0.0349121 0.436167 0.823022 0.172129 0.897646 0.574775 0.247433 0.799198 0.0222158 0.476716 0.0818553 -0.023961 0.306358 -0.059344 -0.106142 0.115368 0.0943362 0.0622869 0.631388 0.0560772 0.195198 
0.325476 0.454856 0.520991 0.32297 0.59256 0.224336 0.786313 0.686642 0.842444 0.903083 0.832118 0.816829 0.36369 0.813107 0.655893 0.316942 0.871423 0.415485 0.523991 0.708817 0.724596 0.806152 0.633567 0.758635 0.84965 0.95259 0.980199 0.958381 0.568739 0.85492 0.79622 
-0.599889 -0.809196 -0.802796 -0.481535 -0.455893 -0.409778 -0.564881 -0.58487 -0.529758 -0.383057 -0.553701 -0.426017 -0.579623 -0.562147 -0.289798 -0.481595 -0.403038 -0.57704 -0.840405 -0.589799 -0.684272 -0.556719 -0.722088 -0.629263 -0.527175 -0.211112 -0.175261 -0.278805 -0.328515 -0.443147 -0.564479 
0.730889 0.371899 0.289978 0.814748 0.664104 0.884169 0.250244 0.431799 0.098201 0.194188 -0.0315316 0.388972 0.729223 0.151157 0.697009 0.817076 0.279612 0.703134 -0.138391 0.386932 0.0820492 -0.200457 0.277817 -0.168822 -0.0134939 -0.219099 0.0921564 0.0614263 0.754065 0.269688 0.21771 
